 seconds_passed droidmate-run:org.mozilla.firefox
            0.0   0
           10.0   8
           20.0  13
           30.0  13
           40.0  13
           50.0  13
           60.0  13
           70.0  13
           80.0  13
           90.0  13
          100.0  13
          110.0  13
          120.0  13
          130.0  15
          140.0  15
          150.0  15
          160.0  15
          170.0  15
          180.0  16
          190.0  16
          200.0  16
          210.0  16
          220.0  16
          230.0  17
          240.0  17
          250.0  17
          260.0  20
          270.0  20
          280.0  20
          290.0  20
          300.0  20
          310.0  20
          320.0  20
          330.0  20
          340.0  20
          350.0  20
          360.0  20
          370.0  20
          380.0  20
          390.0  20
          400.0  20
          410.0  20
          420.0  20
          430.0  20
          440.0  20
          450.0  20
          460.0  20
          470.0  20
          480.0  20
          490.0  20
          500.0  20
          510.0  20
          520.0  20
          530.0  20
          540.0  20
          550.0  20
          560.0  20
          570.0  20
          580.0  20
          590.0  20
          600.0  20
          610.0  20
          620.0  20
          630.0  20
          640.0  20
          650.0  20
          660.0  20
          670.0  20
          680.0  20
          690.0  20
          700.0  20
          710.0  20
          720.0  20
          730.0  20
          740.0  20
          750.0  20
          760.0  20
          770.0  20
          780.0  20
          790.0  20
          800.0  20
          810.0  20
          820.0  20
          830.0  20
          840.0  20
          850.0  20
          860.0  20
          870.0  20
          880.0  20
          890.0  20
          900.0  20
          910.0  20
          920.0  20
          930.0  20
          940.0  20
          950.0  20
          960.0  20
          970.0  20
          980.0  20
          990.0  20
         1000.0  20
         1010.0  20
         1020.0  20
         1030.0  21
         1040.0  21
         1050.0  21
         1060.0  21
         1070.0  21
         1080.0  22
         1090.0  22
         1100.0  22
         1110.0  22
         1120.0  22
         1130.0  22
         1140.0  22
         1150.0  22
         1160.0  22
         1170.0  22
         1180.0  22
         1190.0  22
         1200.0  22
         1210.0  22
         1220.0  22
         1230.0  22
         1240.0  22
         1250.0  22
         1260.0  22
         1270.0  22
         1280.0  22
         1290.0  22
         1300.0  22
         1310.0  22
         1320.0  22
         1330.0  22
         1340.0  23
         1350.0  23
         1360.0  23
         1370.0  23
         1380.0  23
         1390.0  24
         1400.0  24
         1410.0  24
         1420.0  24
         1430.0  24
         1440.0  24
         1450.0  24
         1460.0  24
         1470.0  24
         1480.0  24
         1490.0  24
         1500.0  24
         1510.0  24
         1520.0  24
         1530.0  24
         1540.0  24
         1550.0  24
         1560.0  24
         1570.0  24
         1580.0  24
         1590.0  24
         1600.0  24
         1610.0  24
         1620.0  24
         1630.0  24
         1640.0  24
         1650.0  24
         1660.0  24
         1670.0  24
         1680.0  24
         1690.0  24
         1700.0  24
         1710.0  24
         1720.0  24
         1730.0  24
         1740.0  24
         1750.0  24
         1760.0  24
         1770.0  24
         1780.0  24
         1790.0  24
         1800.0  24
         1810.0  24
         1820.0  24
         1830.0  24
         1840.0  24
         1850.0  24
         1860.0  24
         1870.0  24
         1880.0  24
         1890.0  24
         1900.0  24
         1910.0  24
         1920.0  24
         1930.0  24
         1940.0  24
         1950.0  24
         1960.0  24
         1970.0  24
         1980.0  24
         1990.0  24
         2000.0  24
         2010.0  24
         2020.0  24
         2030.0  24
         2040.0  24
         2050.0  24
         2060.0  24
         2070.0  24
         2080.0  24
         2090.0  24
         2100.0  24
         2110.0  24
         2120.0  24
         2130.0  24
         2140.0  24
         2150.0  24
         2160.0  24
         2170.0  24
         2180.0  24
         2190.0  24
         2200.0  24
         2210.0  24
         2220.0  24
         2230.0  24
         2240.0  24
         2250.0  24
         2260.0  24
         2270.0  24
         2280.0  24
         2290.0  24
         2300.0  24
         2310.0  24
         2320.0  24
         2330.0  24
         2340.0  24
         2350.0  24
         2360.0  24
         2370.0  24
         2380.0  24
         2390.0  24
         2400.0  24
         2410.0  24
         2420.0  24
         2430.0  24
         2440.0  24
         2450.0  24
         2460.0  24
         2470.0  24
         2480.0  24
         2490.0  24
         2500.0  24
         2510.0  24
         2520.0  24
         2530.0  24
         2540.0  24
         2550.0  24
         2560.0  24
         2570.0  24
         2580.0  24
         2590.0  24
         2600.0  24
         2610.0  24
         2620.0  24
         2630.0  24
         2640.0  24
         2650.0  24
         2660.0  24
         2670.0  24
         2680.0  24
         2690.0  24
         2700.0  24
         2710.0  24
         2720.0  24
         2730.0  24
         2740.0  24
         2750.0  24
         2760.0  24
         2770.0  24
         2780.0  24
         2790.0  24
         2800.0  24
         2810.0  24
         2820.0  24
         2830.0  24
         2840.0  24
         2850.0  24
         2860.0  24
         2870.0  24
         2880.0  24
         2890.0  24
         2900.0  24
         2910.0  24
         2920.0  24
         2930.0  24
         2940.0  24
         2950.0  24
         2960.0  24
         2970.0  24
         2980.0  24
         2990.0  24
         3000.0  24
         3010.0  24
         3020.0  24
         3030.0  24
         3040.0  24
         3050.0  24
         3060.0  24
         3070.0  24
         3080.0  24
         3090.0  24
         3100.0  24
         3110.0  24
         3120.0  24
         3130.0  24
         3140.0  24
         3150.0  24
         3160.0  24
         3170.0  24
         3180.0  24
         3190.0  24
         3200.0  24
         3210.0  24
         3220.0  24
         3230.0  24
         3240.0  24
         3250.0  24
         3260.0  24
         3270.0  24
         3280.0  24
         3290.0  24
         3300.0  24
         3310.0  24
         3320.0  24
         3330.0  24
         3340.0  24
         3350.0  24
         3360.0  24
         3370.0  24
         3380.0  24
         3390.0  24
         3400.0  24
         3410.0  24
         3420.0  24
         3430.0  24
         3440.0  24
         3450.0  24
         3460.0  24
         3470.0  24
         3480.0  24
         3490.0  24
         3500.0  24
         3510.0  24
         3520.0  24
         3530.0  24
         3540.0  24
         3550.0  24
         3560.0  24
         3570.0  24
         3580.0  24
         3590.0  24
         3600.0  24
         3610.0  24
         3620.0  24
         3630.0  24
         3640.0  24
         3650.0  24
         3660.0  24
         3670.0  24
         3680.0  24
         3690.0  24
         3700.0  24
         3710.0  24
         3720.0  24
         3730.0  24
         3740.0  24
         3750.0  24
         3760.0  24
         3770.0  24
         3780.0  24
         3790.0  24
         3800.0  24
         3810.0  24
         3820.0  24
         3830.0  24
         3840.0  24
         3850.0  24
         3860.0  24
         3870.0  24
         3880.0  24
         3890.0  24
         3900.0  24
         3910.0  24
         3920.0  24
         3930.0  24
         3940.0  24
         3950.0  24
         3960.0  24
         3970.0  24
         3980.0  24
         3990.0  24
         4000.0  24
         4010.0  24
         4020.0  24
         4030.0  24
         4040.0  24
         4050.0  24
         4060.0  24
         4070.0  24
         4080.0  24
         4090.0  24
         4100.0  24
         4110.0  24
         4120.0  24
         4130.0  24
         4140.0  24
         4150.0  24
         4160.0  25
         4170.0  25
         4180.0  26
         4190.0  26
         4200.0  26
         4210.0  26
         4220.0  26
         4230.0  26
         4240.0  26
         4250.0  26
         4260.0  26
         4270.0  26
         4280.0  26
         4290.0  26
         4300.0  26
         4310.0  26
         4320.0  26
         4330.0  26
         4340.0  26
         4350.0  26
         4360.0  26
         4370.0  26
         4380.0  26
         4390.0  26
         4400.0  26
         4410.0  26
         4420.0  26
         4430.0  26
         4440.0  26
         4450.0  26
         4460.0  26
         4470.0  26
         4480.0  26
         4490.0  26
         4500.0  26
         4510.0  26
         4520.0  26
         4530.0  26
         4540.0  26
         4550.0  26
         4560.0  26
         4570.0  26
         4580.0  26
         4590.0  26
         4600.0  26
         4610.0  26
         4620.0  26
         4630.0  26
         4640.0  26
         4650.0  26
         4660.0  26
         4670.0  26
         4680.0  26
         4690.0  26
         4700.0  26
         4710.0  26
         4720.0  26
         4730.0  26
         4740.0  26
         4750.0  26
         4760.0  26
         4770.0  26
         4780.0  26
         4790.0  26
         4800.0  26
         4810.0  26
         4820.0  26
         4830.0  26
         4840.0  26
         4850.0  26
         4860.0  26
         4870.0  26
         4880.0  26
         4890.0  26
         4900.0  26
         4910.0  26
         4920.0  26
         4930.0  26
         4940.0  26
         4950.0  26
         4960.0  26
         4970.0  26
         4980.0  26
         4990.0  26
         5000.0  26
         5010.0  26
         5020.0  26
         5030.0  26
         5040.0  26
         5050.0  26
         5060.0  26
         5070.0  26
         5080.0  26
         5090.0  26
         5100.0  26
         5110.0  26
         5120.0  26
         5130.0  26
         5140.0  26
         5150.0  26
         5160.0  26
         5170.0  26
         5180.0  26
         5190.0  26
         5200.0  26
         5210.0  26
         5220.0  26
         5230.0  26
         5240.0  26
         5250.0  26
         5260.0  26
         5270.0  26
         5280.0  26
         5290.0  26
         5300.0  26
         5310.0  26
         5320.0  26
         5330.0  26
         5340.0  26
         5350.0  26
         5360.0  26
         5370.0  26
         5380.0  26
         5390.0  26
         5400.0  26
         5410.0  26
         5420.0  26
         5430.0  26
         5440.0  26
         5450.0  26
         5460.0  26
         5470.0  26
         5480.0  26
         5490.0  26
         5500.0  26
         5510.0  26
         5520.0  26
         5530.0  26
         5540.0  26
         5550.0  26
         5560.0  26
         5570.0  26
         5580.0  26
         5590.0  26
         5600.0  26
         5610.0  26
         5620.0  26
         5630.0  26
         5640.0  26
         5650.0  26
         5660.0  26
         5670.0  26
         5680.0  26
         5690.0  26
         5700.0  26
         5710.0  26
         5720.0  26
         5730.0  26
         5740.0  26
         5750.0  26
         5760.0  26
         5770.0  26
         5780.0  26
         5790.0  26
         5800.0  26
         5810.0  26
         5820.0  26
         5830.0  26
         5840.0  26
         5850.0  26
         5860.0  26
         5870.0  26
         5880.0  26
         5890.0  26
         5900.0  26
         5910.0  26
         5920.0  26
         5930.0  26
         5940.0  26
         5950.0  26
         5960.0  26
         5970.0  26
         5980.0  26
         5990.0  26
         6000.0  26
         6010.0  26
         6020.0  26
         6030.0  26
         6040.0  26
         6050.0  26
         6060.0  26
         6070.0  26
         6080.0  26
         6090.0  26
         6100.0  26
         6110.0  26
         6120.0  26
         6130.0  26
         6140.0  26
         6150.0  26
         6160.0  26
         6170.0  26
         6180.0  26
         6190.0  26
         6200.0  26
         6210.0  26
         6220.0  26
         6230.0  26
         6240.0  26
         6250.0  26
         6260.0  26
         6270.0  26
         6280.0  26
         6290.0  26
         6300.0  26
         6310.0  26
         6320.0  26
         6330.0  26
         6340.0  26
         6350.0  26
         6360.0  26
         6370.0  26
         6380.0  26
         6390.0  26
         6400.0  26
         6410.0  26
         6420.0  26
         6430.0  26
         6440.0  26
         6450.0  26
         6460.0  26
         6470.0  26
         6480.0  26
         6490.0  26
         6500.0  26
         6510.0  26
         6520.0  26
         6530.0  26
         6540.0  26
         6550.0  26
         6560.0  26
         6570.0  26
         6580.0  26
         6590.0  26
         6600.0  26
         6610.0  26
         6620.0  26
         6630.0  26
         6640.0  26
         6650.0  26
         6660.0  26
         6670.0  26
         6680.0  26
         6690.0  26
         6700.0  26
         6710.0  26
         6720.0  26
         6730.0  26
         6740.0  26
         6750.0  26
         6760.0  26
         6770.0  26
         6780.0  26
         6790.0  26
         6800.0  26
         6810.0  26
         6820.0  26
         6830.0  26
         6840.0  26
         6850.0  26
         6860.0  26
         6870.0  26
         6880.0  26
         6890.0  26
         6900.0  26
         6910.0  26
         6920.0  26
         6930.0  26
         6940.0  26
         6950.0  26
         6960.0  26
         6970.0  26
         6980.0  26
         6990.0  26
         7000.0  26
         7010.0  26
         7020.0  26
         7030.0  26
         7040.0  26
         7050.0  26
         7060.0  26
         7070.0  26
         7080.0  26
         7090.0  26
         7100.0  26
         7110.0  26
         7120.0  26
         7130.0  26
         7140.0  26
         7150.0  26
         7160.0  26
         7170.0  26
         7180.0  26
         7190.0  26
         7200.0  26
