 seconds_passed droidmate-run:com.antivirus
            0.0   0
           10.0   5
           20.0  16
           30.0  16
           40.0  16
           50.0  21
           60.0  21
           70.0  21
           80.0  21
           90.0  21
          100.0  21
          110.0  21
          120.0  21
          130.0  21
          140.0  21
          150.0  21
          160.0  21
          170.0  21
          180.0  21
          190.0  21
          200.0  21
          210.0  21
          220.0  21
          230.0  21
          240.0  21
          250.0  21
          260.0  21
          270.0  21
          280.0  21
          290.0  21
          300.0  21
          310.0  21
          320.0  21
          330.0  21
          340.0  21
          350.0  21
          360.0  21
          370.0  21
          380.0  21
          390.0  21
          400.0  21
          410.0  21
          420.0  21
          430.0  21
          440.0  21
          450.0  21
          460.0  21
          470.0  21
          480.0  21
          490.0  21
          500.0  21
          510.0  21
          520.0  21
          530.0  21
          540.0  21
          550.0  21
          560.0  21
          570.0  21
          580.0  21
          590.0  21
          600.0  21
          610.0  21
          620.0  22
          630.0  22
          640.0  22
          650.0  22
          660.0  22
          670.0  22
          680.0  22
          690.0  23
          700.0  23
          710.0  23
          720.0  23
          730.0  23
          740.0  23
          750.0  23
          760.0  23
          770.0  23
          780.0  23
          790.0  23
          800.0  23
          810.0  23
          820.0  23
          830.0  23
          840.0  23
          850.0  23
          860.0  23
          870.0  23
          880.0  23
          890.0  23
          900.0  23
          910.0  23
          920.0  23
          930.0  23
          940.0  23
          950.0  23
          960.0  23
          970.0  23
          980.0  23
          990.0  23
         1000.0  23
         1010.0  23
         1020.0  23
         1030.0  23
         1040.0  23
         1050.0  23
         1060.0  23
         1070.0  24
         1080.0  24
         1090.0  24
         1100.0  24
         1110.0  24
         1120.0  24
         1130.0  24
         1140.0  24
         1150.0  24
         1160.0  24
         1170.0  24
         1180.0  24
         1190.0  24
         1200.0  24
         1210.0  24
         1220.0  24
         1230.0  24
         1240.0  24
         1250.0  24
         1260.0  24
         1270.0  24
         1280.0  24
         1290.0  24
         1300.0  24
         1310.0  24
         1320.0  24
         1330.0  24
         1340.0  24
         1350.0  24
         1360.0  24
         1370.0  24
         1380.0  24
         1390.0  24
         1400.0  24
         1410.0  24
         1420.0  24
         1430.0  24
         1440.0  24
         1450.0  24
         1460.0  24
         1470.0  24
         1480.0  24
         1490.0  24
         1500.0  24
         1510.0  24
         1520.0  24
         1530.0  24
         1540.0  24
         1550.0  24
         1560.0  24
         1570.0  24
         1580.0  24
         1590.0  24
         1600.0  24
         1610.0  24
         1620.0  24
         1630.0  24
         1640.0  24
         1650.0  24
         1660.0  24
         1670.0  24
         1680.0  24
         1690.0  24
         1700.0  24
         1710.0  24
         1720.0  25
         1730.0  64
         1740.0  64
         1750.0  64
         1760.0  64
         1770.0  64
         1780.0  64
         1790.0  64
         1800.0  64
         1810.0  64
         1820.0  64
         1830.0  64
         1840.0  64
         1850.0  64
         1860.0  64
         1870.0  64
         1880.0  64
         1890.0  64
         1900.0  64
         1910.0  64
         1920.0  64
         1930.0  64
         1940.0  64
         1950.0  64
         1960.0  64
         1970.0  64
         1980.0  64
         1990.0  64
         2000.0  64
         2010.0  64
         2020.0  64
         2030.0  64
         2040.0  64
         2050.0  64
         2060.0  64
         2070.0  64
         2080.0  64
         2090.0  64
         2100.0  64
         2110.0  64
         2120.0  64
         2130.0  64
         2140.0  64
         2150.0  64
         2160.0  64
         2170.0  64
         2180.0  64
         2190.0  64
         2200.0  64
         2210.0  64
         2220.0  64
         2230.0  64
         2240.0  64
         2250.0  64
         2260.0  64
         2270.0  64
         2280.0  64
         2290.0  64
         2300.0  64
         2310.0  64
         2320.0  64
         2330.0  64
         2340.0  64
         2350.0  64
         2360.0  64
         2370.0  64
         2380.0  64
         2390.0  64
         2400.0  64
         2410.0  64
         2420.0  64
         2430.0  64
         2440.0  64
         2450.0  64
         2460.0  64
         2470.0  64
         2480.0  64
         2490.0  64
         2500.0  64
         2510.0  64
         2520.0  64
         2530.0  64
         2540.0  64
         2550.0  64
         2560.0  64
         2570.0  64
         2580.0  64
         2590.0  64
         2600.0  64
         2610.0  64
         2620.0  64
         2630.0  64
         2640.0  64
         2650.0  64
         2660.0  64
         2670.0  64
         2680.0  64
         2690.0  64
         2700.0  64
         2710.0  64
         2720.0  64
         2730.0  64
         2740.0  64
         2750.0  64
         2760.0  64
         2770.0  64
         2780.0  64
         2790.0  64
         2800.0  64
         2810.0  64
         2820.0  64
         2830.0  64
         2840.0  64
         2850.0  64
         2860.0  64
         2870.0  64
         2880.0  64
         2890.0  64
         2900.0  64
         2910.0  64
         2920.0  64
         2930.0  64
         2940.0  64
         2950.0  64
         2960.0  64
         2970.0  64
         2980.0  64
         2990.0  64
         3000.0  64
         3010.0  64
         3020.0  64
         3030.0  64
         3040.0  64
         3050.0  64
         3060.0  64
         3070.0  64
         3080.0  64
         3090.0  64
         3100.0  64
         3110.0  64
         3120.0  64
         3130.0  64
         3140.0  64
         3150.0  64
         3160.0  64
         3170.0  64
         3180.0  64
         3190.0  64
         3200.0  64
         3210.0  64
         3220.0  64
         3230.0  64
         3240.0  64
         3250.0  64
         3260.0  64
         3270.0  64
         3280.0  64
         3290.0  64
         3300.0  64
         3310.0  64
         3320.0  64
         3330.0  64
         3340.0  64
         3350.0  64
         3360.0  64
         3370.0  64
         3380.0  64
         3390.0  64
         3400.0  64
         3410.0  64
         3420.0  64
         3430.0  64
         3440.0  64
         3450.0  64
         3460.0  64
         3470.0  64
         3480.0  64
         3490.0  64
         3500.0  64
         3510.0  64
         3520.0  64
         3530.0  64
         3540.0  64
         3550.0  64
         3560.0  64
         3570.0  64
         3580.0  64
         3590.0  64
         3600.0  64
         3610.0  64
         3620.0  64
         3630.0  64
         3640.0  64
         3650.0  64
         3660.0  64
         3670.0  64
         3680.0  64
         3690.0  64
         3700.0  64
         3710.0  64
         3720.0  64
         3730.0  64
         3740.0  64
         3750.0  64
         3760.0  64
         3770.0  64
         3780.0  64
         3790.0  64
         3800.0  64
         3810.0  64
         3820.0  64
         3830.0  64
         3840.0  64
         3850.0  64
         3860.0  64
         3870.0  64
         3880.0  64
         3890.0  64
         3900.0  64
         3910.0  64
         3920.0  64
         3930.0  64
         3940.0  64
         3950.0  64
         3960.0  64
         3970.0  64
         3980.0  64
         3990.0  64
         4000.0  64
         4010.0  64
         4020.0  64
         4030.0  64
         4040.0  64
         4050.0  64
         4060.0  64
         4070.0  64
         4080.0  64
         4090.0  64
         4100.0  64
         4110.0  64
         4120.0  64
         4130.0  64
         4140.0  64
         4150.0  64
         4160.0  64
         4170.0  64
         4180.0  64
         4190.0  64
         4200.0  64
         4210.0  64
         4220.0  64
         4230.0  64
         4240.0  64
         4250.0  64
         4260.0  64
         4270.0  64
         4280.0  64
         4290.0  64
         4300.0  64
         4310.0  64
         4320.0  64
         4330.0  64
         4340.0  64
         4350.0  64
         4360.0  64
         4370.0  64
         4380.0  64
         4390.0  64
         4400.0  64
         4410.0  64
         4420.0  64
         4430.0  64
         4440.0  64
         4450.0  64
         4460.0  64
         4470.0  64
         4480.0  64
         4490.0  64
         4500.0  64
         4510.0  64
         4520.0  64
         4530.0  64
         4540.0  64
         4550.0  64
         4560.0  64
         4570.0  64
         4580.0  64
         4590.0  64
         4600.0  64
         4610.0  64
         4620.0  64
         4630.0  64
         4640.0  64
         4650.0  64
         4660.0  64
         4670.0  64
         4680.0  64
         4690.0  64
         4700.0  64
         4710.0  64
         4720.0  64
         4730.0  64
         4740.0  64
         4750.0  64
         4760.0  64
         4770.0  64
         4780.0  64
         4790.0  64
         4800.0  64
         4810.0  64
         4820.0  64
         4830.0  64
         4840.0  64
         4850.0  64
         4860.0  64
         4870.0  64
         4880.0  64
         4890.0  64
         4900.0  64
         4910.0  64
         4920.0  64
         4930.0  64
         4940.0  64
         4950.0  64
         4960.0  64
         4970.0  64
         4980.0  64
         4990.0  64
         5000.0  64
         5010.0  64
         5020.0  64
         5030.0  64
         5040.0  64
         5050.0  64
         5060.0  64
         5070.0  64
         5080.0  64
         5090.0  64
         5100.0  64
         5110.0  64
         5120.0  64
         5130.0  64
         5140.0  64
         5150.0  64
         5160.0  64
         5170.0  64
         5180.0  64
         5190.0  64
         5200.0  64
         5210.0  64
         5220.0  64
         5230.0  64
         5240.0  64
         5250.0  64
         5260.0  64
         5270.0  64
         5280.0  64
         5290.0  64
         5300.0  64
         5310.0  64
         5320.0  64
         5330.0  64
         5340.0  64
         5350.0  64
         5360.0  64
         5370.0  64
         5380.0  64
         5390.0  64
         5400.0  64
         5410.0  64
         5420.0  64
         5430.0  64
         5440.0  64
         5450.0  64
         5460.0  64
         5470.0  64
         5480.0  64
         5490.0  64
         5500.0  64
         5510.0  64
         5520.0  64
         5530.0  64
         5540.0  64
         5550.0  64
         5560.0  64
         5570.0  64
         5580.0  64
         5590.0  64
         5600.0  64
         5610.0  64
         5620.0  64
         5630.0  64
         5640.0  64
         5650.0  64
         5660.0  64
         5670.0  64
         5680.0  64
         5690.0  64
         5700.0  64
         5710.0  64
         5720.0  64
         5730.0  64
         5740.0  64
         5750.0  64
         5760.0  64
         5770.0  64
         5780.0  64
         5790.0  64
         5800.0  64
         5810.0  64
         5820.0  64
         5830.0  64
         5840.0  64
         5850.0  64
         5860.0  64
         5870.0  64
         5880.0  64
         5890.0  64
         5900.0  64
         5910.0  64
         5920.0  64
         5930.0  64
         5940.0  64
         5950.0  64
         5960.0  64
         5970.0  64
         5980.0  64
         5990.0  64
         6000.0  64
         6010.0  64
         6020.0  64
         6030.0  64
         6040.0  64
         6050.0  64
         6060.0  64
         6070.0  64
         6080.0  64
         6090.0  64
         6100.0  64
         6110.0  64
         6120.0  64
         6130.0  64
         6140.0  64
         6150.0  64
         6160.0  64
         6170.0  64
         6180.0  64
         6190.0  64
         6200.0  64
         6210.0  64
         6220.0  64
         6230.0  64
         6240.0  64
         6250.0  64
         6260.0  64
         6270.0  64
         6280.0  64
         6290.0  64
         6300.0  64
         6310.0  64
         6320.0  64
         6330.0  64
         6340.0  64
         6350.0  64
         6360.0  64
         6370.0  64
         6380.0  64
         6390.0  64
         6400.0  64
         6410.0  64
         6420.0  64
         6430.0  64
         6440.0  64
         6450.0  64
         6460.0  64
         6470.0  64
         6480.0  64
         6490.0  64
         6500.0  64
         6510.0  64
         6520.0  64
         6530.0  64
         6540.0  64
         6550.0  64
         6560.0  64
         6570.0  64
         6580.0  64
         6590.0  64
         6600.0  64
         6610.0  64
         6620.0  64
         6630.0  64
         6640.0  64
         6650.0  64
         6660.0  64
         6670.0  64
         6680.0  64
         6690.0  64
         6700.0  64
         6710.0  64
         6720.0  64
         6730.0  64
         6740.0  64
         6750.0  64
         6760.0  64
         6770.0  64
         6780.0  64
         6790.0  64
         6800.0  64
         6810.0  64
         6820.0  64
         6830.0  64
         6840.0  64
         6850.0  64
         6860.0  64
         6870.0  64
         6880.0  64
         6890.0  64
         6900.0  64
         6910.0  64
         6920.0  64
         6930.0  64
         6940.0  64
         6950.0  64
         6960.0  64
         6970.0  64
         6980.0  64
         6990.0  64
         7000.0  64
         7010.0  64
         7020.0  64
         7030.0  64
         7040.0  64
         7050.0  64
         7060.0  64
         7070.0  64
         7080.0  64
         7090.0  64
         7100.0  64
         7110.0  64
         7120.0  64
         7130.0  64
         7140.0  64
         7150.0  64
         7160.0  64
         7170.0  64
         7180.0  64
         7190.0  64
         7200.0  64
