 seconds_passed droidmate-run:de.barcoo.android
            0.0   0
           10.0   6
           20.0  11
           30.0  12
           40.0  12
           50.0  14
           60.0  15
           70.0  15
           80.0  15
           90.0  16
          100.0  16
          110.0  16
          120.0  17
          130.0  17
          140.0  17
          150.0  17
          160.0  17
          170.0  17
          180.0  17
          190.0  17
          200.0  17
          210.0  17
          220.0  17
          230.0  17
          240.0  17
          250.0  17
          260.0  17
          270.0  17
          280.0  17
          290.0  17
          300.0  17
          310.0  17
          320.0  17
          330.0  17
          340.0  17
          350.0  17
          360.0  17
          370.0  18
          380.0  18
          390.0  18
          400.0  18
          410.0  18
          420.0  18
          430.0  18
          440.0  18
          450.0  18
          460.0  18
          470.0  18
          480.0  18
          490.0  18
          500.0  18
          510.0  18
          520.0  18
          530.0  18
          540.0  18
          550.0  18
          560.0  18
          570.0  18
          580.0  18
          590.0  18
          600.0  18
          610.0  18
          620.0  18
          630.0  18
          640.0  18
          650.0  18
          660.0  18
          670.0  18
          680.0  18
          690.0  18
          700.0  18
          710.0  18
          720.0  18
          730.0  18
          740.0  18
          750.0  18
          760.0  18
          770.0  18
          780.0  18
          790.0  18
          800.0  18
          810.0  18
          820.0  18
          830.0  18
          840.0  18
          850.0  18
          860.0  18
          870.0  18
          880.0  18
          890.0  18
          900.0  18
          910.0  18
          920.0  18
          930.0  18
          940.0  18
          950.0  18
          960.0  18
          970.0  18
          980.0  18
          990.0  18
         1000.0  18
         1010.0  18
         1020.0  18
         1030.0  18
         1040.0  18
         1050.0  18
         1060.0  18
         1070.0  18
         1080.0  18
         1090.0  18
         1100.0  18
         1110.0  18
         1120.0  18
         1130.0  18
         1140.0  18
         1150.0  18
         1160.0  18
         1170.0  18
         1180.0  18
         1190.0  18
         1200.0  18
         1210.0  18
         1220.0  18
         1230.0  18
         1240.0  18
         1250.0  18
         1260.0  18
         1270.0  18
         1280.0  18
         1290.0  18
         1300.0  18
         1310.0  21
         1320.0  21
         1330.0  21
         1340.0  21
         1350.0  21
         1360.0  21
         1370.0  21
         1380.0  21
         1390.0  21
         1400.0  21
         1410.0  21
         1420.0  21
         1430.0  21
         1440.0  21
         1450.0  21
         1460.0  21
         1470.0  21
         1480.0  21
         1490.0  21
         1500.0  21
         1510.0  21
         1520.0  21
         1530.0  21
         1540.0  21
         1550.0  21
         1560.0  21
         1570.0  21
         1580.0  21
         1590.0  21
         1600.0  21
         1610.0  21
         1620.0  21
         1630.0  21
         1640.0  21
         1650.0  24
         1660.0  24
         1670.0  24
         1680.0  24
         1690.0  24
         1700.0  24
         1710.0  24
         1720.0  24
         1730.0  24
         1740.0  24
         1750.0  24
         1760.0  24
         1770.0  24
         1780.0  24
         1790.0  24
         1800.0  24
         1810.0  24
         1820.0  24
         1830.0  24
         1840.0  24
         1850.0  24
         1860.0  24
         1870.0  24
         1880.0  24
         1890.0  24
         1900.0  24
         1910.0  24
         1920.0  24
         1930.0  24
         1940.0  24
         1950.0  24
         1960.0  24
         1970.0  24
         1980.0  24
         1990.0  24
         2000.0  24
         2010.0  24
         2020.0  24
         2030.0  24
         2040.0  24
         2050.0  24
         2060.0  24
         2070.0  24
         2080.0  24
         2090.0  24
         2100.0  24
         2110.0  24
         2120.0  24
         2130.0  24
         2140.0  24
         2150.0  24
         2160.0  24
         2170.0  24
         2180.0  24
         2190.0  24
         2200.0  24
         2210.0  24
         2220.0  24
         2230.0  24
         2240.0  24
         2250.0  24
         2260.0  24
         2270.0  24
         2280.0  24
         2290.0  24
         2300.0  24
         2310.0  24
         2320.0  24
         2330.0  24
         2340.0  24
         2350.0  24
         2360.0  24
         2370.0  24
         2380.0  24
         2390.0  24
         2400.0  25
         2410.0  25
         2420.0  25
         2430.0  25
         2440.0  25
         2450.0  25
         2460.0  25
         2470.0  25
         2480.0  25
         2490.0  25
         2500.0  25
         2510.0  25
         2520.0  25
         2530.0  25
         2540.0  25
         2550.0  25
         2560.0  25
         2570.0  25
         2580.0  25
         2590.0  25
         2600.0  25
         2610.0  27
         2620.0  27
         2630.0  27
         2640.0  27
         2650.0  27
         2660.0  27
         2670.0  27
         2680.0  27
         2690.0  27
         2700.0  27
         2710.0  27
         2720.0  27
         2730.0  27
         2740.0  27
         2750.0  27
         2760.0  27
         2770.0  27
         2780.0  27
         2790.0  27
         2800.0  29
         2810.0  29
         2820.0  29
         2830.0  29
         2840.0  29
         2850.0  29
         2860.0  29
         2870.0  29
         2880.0  29
         2890.0  29
         2900.0  29
         2910.0  29
         2920.0  29
         2930.0  29
         2940.0  29
         2950.0  29
         2960.0  29
         2970.0  29
         2980.0  29
         2990.0  29
         3000.0  29
         3010.0  29
         3020.0  29
         3030.0  29
         3040.0  29
         3050.0  29
         3060.0  29
         3070.0  29
         3080.0  29
         3090.0  29
         3100.0  29
         3110.0  29
         3120.0  29
         3130.0  29
         3140.0  29
         3150.0  29
         3160.0  29
         3170.0  29
         3180.0  29
         3190.0  29
         3200.0  29
         3210.0  29
         3220.0  29
         3230.0  29
         3240.0  29
         3250.0  29
         3260.0  29
         3270.0  29
         3280.0  29
         3290.0  29
         3300.0  29
         3310.0  29
         3320.0  29
         3330.0  29
         3340.0  29
         3350.0  29
         3360.0  29
         3370.0  29
         3380.0  29
         3390.0  29
         3400.0  29
         3410.0  29
         3420.0  29
         3430.0  29
         3440.0  29
         3450.0  29
         3460.0  29
         3470.0  29
         3480.0  29
         3490.0  29
         3500.0  29
         3510.0  29
         3520.0  29
         3530.0  29
         3540.0  29
         3550.0  29
         3560.0  29
         3570.0  29
         3580.0  29
         3590.0  29
         3600.0  29
         3610.0  29
         3620.0  29
         3630.0  31
         3640.0  31
         3650.0  31
         3660.0  31
         3670.0  31
         3680.0  31
         3690.0  31
         3700.0  31
         3710.0  31
         3720.0  31
         3730.0  31
         3740.0  31
         3750.0  31
         3760.0  31
         3770.0  31
         3780.0  31
         3790.0  31
         3800.0  31
         3810.0  31
         3820.0  31
         3830.0  31
         3840.0  31
         3850.0  31
         3860.0  31
         3870.0  31
         3880.0  33
         3890.0  33
         3900.0  33
         3910.0  33
         3920.0  33
         3930.0  33
         3940.0  33
         3950.0  33
         3960.0  33
         3970.0  33
         3980.0  33
         3990.0  33
         4000.0  33
         4010.0  33
         4020.0  33
         4030.0  33
         4040.0  33
         4050.0  33
         4060.0  33
         4070.0  33
         4080.0  33
         4090.0  33
         4100.0  33
         4110.0  33
         4120.0  33
         4130.0  33
         4140.0  33
         4150.0  33
         4160.0  33
         4170.0  33
         4180.0  33
         4190.0  33
         4200.0  33
         4210.0  33
         4220.0  33
         4230.0  33
         4240.0  33
         4250.0  33
         4260.0  33
         4270.0  33
         4280.0  33
         4290.0  33
         4300.0  33
         4310.0  33
         4320.0  33
         4330.0  33
         4340.0  33
         4350.0  33
         4360.0  33
         4370.0  33
         4380.0  33
         4390.0  33
         4400.0  33
         4410.0  33
         4420.0  33
         4430.0  33
         4440.0  33
         4450.0  33
         4460.0  33
         4470.0  33
         4480.0  33
         4490.0  33
         4500.0  33
         4510.0  33
         4520.0  33
         4530.0  33
         4540.0  33
         4550.0  33
         4560.0  33
         4570.0  33
         4580.0  33
         4590.0  33
         4600.0  33
         4610.0  33
         4620.0  33
         4630.0  33
         4640.0  35
         4650.0  35
         4660.0  35
         4670.0  35
         4680.0  35
         4690.0  35
         4700.0  35
         4710.0  35
         4720.0  35
         4730.0  35
         4740.0  35
         4750.0  35
         4760.0  35
         4770.0  35
         4780.0  35
         4790.0  35
         4800.0  35
         4810.0  35
         4820.0  35
         4830.0  35
         4840.0  35
         4850.0  35
         4860.0  35
         4870.0  35
         4880.0  35
         4890.0  35
         4900.0  35
         4910.0  35
         4920.0  35
         4930.0  35
         4940.0  35
         4950.0  35
         4960.0  35
         4970.0  35
         4980.0  35
         4990.0  35
         5000.0  35
         5010.0  35
         5020.0  35
         5030.0  35
         5040.0  35
         5050.0  35
         5060.0  35
         5070.0  35
         5080.0  35
         5090.0  35
         5100.0  35
         5110.0  35
         5120.0  35
         5130.0  35
         5140.0  35
         5150.0  35
         5160.0  35
         5170.0  35
         5180.0  35
         5190.0  35
         5200.0  35
         5210.0  35
         5220.0  35
         5230.0  35
         5240.0  35
         5250.0  35
         5260.0  35
         5270.0  35
         5280.0  35
         5290.0  35
         5300.0  35
         5310.0  35
         5320.0  35
         5330.0  35
         5340.0  35
         5350.0  35
         5360.0  35
         5370.0  35
         5380.0  35
         5390.0  35
         5400.0  35
         5410.0  35
         5420.0  35
         5430.0  35
         5440.0  35
         5450.0  35
         5460.0  35
         5470.0  35
         5480.0  35
         5490.0  35
         5500.0  35
         5510.0  35
         5520.0  35
         5530.0  35
         5540.0  35
         5550.0  35
         5560.0  35
         5570.0  35
         5580.0  35
         5590.0  35
         5600.0  35
         5610.0  35
         5620.0  35
         5630.0  35
         5640.0  35
         5650.0  35
         5660.0  35
         5670.0  35
         5680.0  35
         5690.0  35
         5700.0  35
         5710.0  35
         5720.0  35
         5730.0  35
         5740.0  35
         5750.0  35
         5760.0  35
         5770.0  35
         5780.0  35
         5790.0  35
         5800.0  35
         5810.0  35
         5820.0  35
         5830.0  35
         5840.0  35
         5850.0  35
         5860.0  35
         5870.0  35
         5880.0  35
         5890.0  35
         5900.0  35
         5910.0  35
         5920.0  35
         5930.0  35
         5940.0  35
         5950.0  35
         5960.0  35
         5970.0  35
         5980.0  35
         5990.0  35
         6000.0  35
         6010.0  35
         6020.0  35
         6030.0  35
         6040.0  35
         6050.0  35
         6060.0  35
         6070.0  35
         6080.0  35
         6090.0  35
         6100.0  35
         6110.0  35
         6120.0  35
         6130.0  35
         6140.0  35
         6150.0  35
         6160.0  35
         6170.0  35
         6180.0  35
         6190.0  35
         6200.0  35
         6210.0  35
         6220.0  35
         6230.0  35
         6240.0  35
         6250.0  35
         6260.0  35
         6270.0  35
         6280.0  35
         6290.0  35
         6300.0  35
         6310.0  35
         6320.0  35
         6330.0  35
         6340.0  35
         6350.0  35
         6360.0  35
         6370.0  35
         6380.0  35
         6390.0  35
         6400.0  35
         6410.0  35
         6420.0  35
         6430.0  35
         6440.0  35
         6450.0  35
         6460.0  35
         6470.0  35
         6480.0  35
         6490.0  35
         6500.0  35
         6510.0  35
         6520.0  35
         6530.0  35
         6540.0  35
         6550.0  35
         6560.0  35
         6570.0  35
         6580.0  35
         6590.0  35
         6600.0  35
         6610.0  35
         6620.0  35
         6630.0  35
         6640.0  35
         6650.0  35
         6660.0  35
         6670.0  35
         6680.0  35
         6690.0  35
         6700.0  35
         6710.0  38
         6720.0  38
         6730.0  38
         6740.0  38
         6750.0  38
         6760.0  38
         6770.0  38
         6780.0  38
         6790.0  38
         6800.0  38
         6810.0  38
         6820.0  38
         6830.0  38
         6840.0  38
         6850.0  38
         6860.0  38
         6870.0  38
         6880.0  38
         6890.0  38
         6900.0  38
         6910.0  38
         6920.0  38
         6930.0  38
         6940.0  38
         6950.0  38
         6960.0  38
         6970.0  38
         6980.0  38
         6990.0  38
         7000.0  38
         7010.0  38
         7020.0  38
         7030.0  38
         7040.0  38
         7050.0  38
         7060.0  38
         7070.0  38
         7080.0  38
         7090.0  38
         7100.0  38
         7110.0  38
         7120.0  38
         7130.0  38
         7140.0  38
         7150.0  38
         7160.0  38
         7170.0  38
         7180.0  38
         7190.0  38
         7200.0  38
