 seconds_passed droidmate-run:com.ebay.mobile
            0.0   0
           10.0   3
           20.0   6
           30.0   6
           40.0   7
           50.0   7
           60.0   7
           70.0   7
           80.0   7
           90.0   7
          100.0   9
          110.0   9
          120.0   9
          130.0   9
          140.0   9
          150.0  10
          160.0  10
          170.0  10
          180.0  10
          190.0  10
          200.0  10
          210.0  10
          220.0  10
          230.0  10
          240.0  10
          250.0  10
          260.0  13
          270.0  13
          280.0  13
          290.0  13
          300.0  13
          310.0  13
          320.0  13
          330.0  13
          340.0  13
          350.0  13
          360.0  16
          370.0  16
          380.0  16
          390.0  16
          400.0  16
          410.0  16
          420.0  16
          430.0  16
          440.0  16
          450.0  16
          460.0  16
          470.0  16
          480.0  16
          490.0  16
          500.0  16
          510.0  16
          520.0  16
          530.0  16
          540.0  16
          550.0  16
          560.0  16
          570.0  16
          580.0  16
          590.0  16
          600.0  16
          610.0  16
          620.0  16
          630.0  16
          640.0  16
          650.0  16
          660.0  16
          670.0  16
          680.0  16
          690.0  16
          700.0  16
          710.0  16
          720.0  16
          730.0  16
          740.0  16
          750.0  16
          760.0  16
          770.0  16
          780.0  16
          790.0  16
          800.0  16
          810.0  16
          820.0  16
          830.0  16
          840.0  16
          850.0  16
          860.0  16
          870.0  16
          880.0  16
          890.0  16
          900.0  16
          910.0  16
          920.0  16
          930.0  16
          940.0  16
          950.0  16
          960.0  16
          970.0  16
          980.0  16
          990.0  16
         1000.0  16
         1010.0  16
         1020.0  16
         1030.0  16
         1040.0  19
         1050.0  19
         1060.0  19
         1070.0  19
         1080.0  19
         1090.0  19
         1100.0  19
         1110.0  19
         1120.0  19
         1130.0  19
         1140.0  19
         1150.0  19
         1160.0  19
         1170.0  19
         1180.0  19
         1190.0  19
         1200.0  20
         1210.0  20
         1220.0  20
         1230.0  20
         1240.0  20
         1250.0  20
         1260.0  20
         1270.0  20
         1280.0  20
         1290.0  20
         1300.0  20
         1310.0  20
         1320.0  20
         1330.0  20
         1340.0  20
         1350.0  20
         1360.0  20
         1370.0  20
         1380.0  20
         1390.0  20
         1400.0  20
         1410.0  20
         1420.0  20
         1430.0  20
         1440.0  20
         1450.0  20
         1460.0  20
         1470.0  20
         1480.0  20
         1490.0  20
         1500.0  20
         1510.0  20
         1520.0  20
         1530.0  20
         1540.0  20
         1550.0  20
         1560.0  20
         1570.0  20
         1580.0  20
         1590.0  20
         1600.0  20
         1610.0  20
         1620.0  20
         1630.0  20
         1640.0  20
         1650.0  20
         1660.0  20
         1670.0  20
         1680.0  20
         1690.0  20
         1700.0  20
         1710.0  20
         1720.0  20
         1730.0  20
         1740.0  20
         1750.0  20
         1760.0  20
         1770.0  20
         1780.0  20
         1790.0  20
         1800.0  20
         1810.0  20
         1820.0  20
         1830.0  20
         1840.0  20
         1850.0  20
         1860.0  20
         1870.0  20
         1880.0  20
         1890.0  20
         1900.0  20
         1910.0  20
         1920.0  20
         1930.0  20
         1940.0  20
         1950.0  20
         1960.0  20
         1970.0  20
         1980.0  20
         1990.0  20
         2000.0  20
         2010.0  20
         2020.0  20
         2030.0  20
         2040.0  20
         2050.0  20
         2060.0  20
         2070.0  20
         2080.0  20
         2090.0  20
         2100.0  20
         2110.0  20
         2120.0  20
         2130.0  20
         2140.0  20
         2150.0  20
         2160.0  20
         2170.0  20
         2180.0  20
         2190.0  20
         2200.0  20
         2210.0  20
         2220.0  20
         2230.0  20
         2240.0  20
         2250.0  20
         2260.0  20
         2270.0  20
         2280.0  20
         2290.0  20
         2300.0  20
         2310.0  20
         2320.0  20
         2330.0  20
         2340.0  20
         2350.0  20
         2360.0  20
         2370.0  20
         2380.0  20
         2390.0  20
         2400.0  20
         2410.0  20
         2420.0  20
         2430.0  20
         2440.0  20
         2450.0  20
         2460.0  20
         2470.0  20
         2480.0  20
         2490.0  20
         2500.0  20
         2510.0  20
         2520.0  20
         2530.0  20
         2540.0  20
         2550.0  20
         2560.0  20
         2570.0  20
         2580.0  20
         2590.0  20
         2600.0  20
         2610.0  20
         2620.0  20
         2630.0  20
         2640.0  20
         2650.0  20
         2660.0  20
         2670.0  20
         2680.0  20
         2690.0  20
         2700.0  20
         2710.0  20
         2720.0  20
         2730.0  20
         2740.0  20
         2750.0  20
         2760.0  20
         2770.0  20
         2780.0  20
         2790.0  20
         2800.0  20
         2810.0  20
         2820.0  20
         2830.0  20
         2840.0  20
         2850.0  20
         2860.0  20
         2870.0  20
         2880.0  20
         2890.0  20
         2900.0  20
         2910.0  20
         2920.0  20
         2930.0  20
         2940.0  20
         2950.0  20
         2960.0  20
         2970.0  20
         2980.0  20
         2990.0  20
         3000.0  20
         3010.0  20
         3020.0  20
         3030.0  20
         3040.0  20
         3050.0  20
         3060.0  20
         3070.0  20
         3080.0  20
         3090.0  20
         3100.0  20
         3110.0  20
         3120.0  20
         3130.0  20
         3140.0  20
         3150.0  20
         3160.0  20
         3170.0  20
         3180.0  20
         3190.0  20
         3200.0  20
         3210.0  20
         3220.0  20
         3230.0  20
         3240.0  20
         3250.0  20
         3260.0  20
         3270.0  20
         3280.0  20
         3290.0  20
         3300.0  20
         3310.0  20
         3320.0  20
         3330.0  20
         3340.0  20
         3350.0  20
         3360.0  20
         3370.0  20
         3380.0  20
         3390.0  20
         3400.0  20
         3410.0  20
         3420.0  20
         3430.0  20
         3440.0  20
         3450.0  20
         3460.0  20
         3470.0  20
         3480.0  20
         3490.0  20
         3500.0  20
         3510.0  20
         3520.0  20
         3530.0  20
         3540.0  20
         3550.0  20
         3560.0  20
         3570.0  20
         3580.0  20
         3590.0  20
         3600.0  20
         3610.0  20
         3620.0  20
         3630.0  20
         3640.0  20
         3650.0  20
         3660.0  20
         3670.0  20
         3680.0  20
         3690.0  20
         3700.0  21
         3710.0  21
         3720.0  21
         3730.0  24
         3740.0  24
         3750.0  24
         3760.0  24
         3770.0  24
         3780.0  24
         3790.0  24
         3800.0  24
         3810.0  24
         3820.0  24
         3830.0  24
         3840.0  24
         3850.0  24
         3860.0  24
         3870.0  24
         3880.0  24
         3890.0  24
         3900.0  24
         3910.0  24
         3920.0  24
         3930.0  24
         3940.0  24
         3950.0  24
         3960.0  24
         3970.0  24
         3980.0  24
         3990.0  24
         4000.0  24
         4010.0  24
         4020.0  24
         4030.0  24
         4040.0  24
         4050.0  24
         4060.0  24
         4070.0  24
         4080.0  24
         4090.0  24
         4100.0  24
         4110.0  24
         4120.0  24
         4130.0  24
         4140.0  24
         4150.0  24
         4160.0  24
         4170.0  24
         4180.0  24
         4190.0  24
         4200.0  24
         4210.0  24
         4220.0  24
         4230.0  24
         4240.0  24
         4250.0  24
         4260.0  24
         4270.0  24
         4280.0  24
         4290.0  24
         4300.0  24
         4310.0  24
         4320.0  24
         4330.0  24
         4340.0  24
         4350.0  24
         4360.0  24
         4370.0  24
         4380.0  24
         4390.0  24
         4400.0  24
         4410.0  24
         4420.0  24
         4430.0  24
         4440.0  24
         4450.0  24
         4460.0  24
         4470.0  24
         4480.0  24
         4490.0  24
         4500.0  24
         4510.0  24
         4520.0  24
         4530.0  24
         4540.0  24
         4550.0  24
         4560.0  24
         4570.0  24
         4580.0  24
         4590.0  24
         4600.0  24
         4610.0  24
         4620.0  24
         4630.0  24
         4640.0  24
         4650.0  24
         4660.0  24
         4670.0  24
         4680.0  24
         4690.0  24
         4700.0  24
         4710.0  24
         4720.0  24
         4730.0  24
         4740.0  24
         4750.0  24
         4760.0  24
         4770.0  24
         4780.0  24
         4790.0  24
         4800.0  24
         4810.0  24
         4820.0  24
         4830.0  24
         4840.0  24
         4850.0  24
         4860.0  24
         4870.0  24
         4880.0  24
         4890.0  24
         4900.0  24
         4910.0  24
         4920.0  24
         4930.0  24
         4940.0  24
         4950.0  24
         4960.0  24
         4970.0  24
         4980.0  24
         4990.0  24
         5000.0  24
         5010.0  24
         5020.0  24
         5030.0  24
         5040.0  24
         5050.0  24
         5060.0  24
         5070.0  24
         5080.0  24
         5090.0  24
         5100.0  24
         5110.0  24
         5120.0  24
         5130.0  24
         5140.0  24
         5150.0  24
         5160.0  24
         5170.0  24
         5180.0  24
         5190.0  24
         5200.0  24
         5210.0  24
         5220.0  24
         5230.0  24
         5240.0  24
         5250.0  24
         5260.0  24
         5270.0  24
         5280.0  24
         5290.0  24
         5300.0  24
         5310.0  24
         5320.0  24
         5330.0  24
         5340.0  24
         5350.0  24
         5360.0  24
         5370.0  24
         5380.0  24
         5390.0  24
         5400.0  24
         5410.0  24
         5420.0  24
         5430.0  24
         5440.0  24
         5450.0  24
         5460.0  24
         5470.0  24
         5480.0  24
         5490.0  24
         5500.0  24
         5510.0  24
         5520.0  24
         5530.0  24
         5540.0  24
         5550.0  24
         5560.0  24
         5570.0  24
         5580.0  24
         5590.0  24
         5600.0  24
         5610.0  24
         5620.0  24
         5630.0  24
         5640.0  24
         5650.0  24
         5660.0  24
         5670.0  24
         5680.0  24
         5690.0  24
         5700.0  24
         5710.0  24
         5720.0  24
         5730.0  24
         5740.0  24
         5750.0  24
         5760.0  24
         5770.0  24
         5780.0  24
         5790.0  24
         5800.0  24
         5810.0  24
         5820.0  24
         5830.0  24
         5840.0  24
         5850.0  24
         5860.0  24
         5870.0  24
         5880.0  24
         5890.0  24
         5900.0  27
         5910.0  27
         5920.0  27
         5930.0  27
         5940.0  27
         5950.0  27
         5960.0  27
         5970.0  27
         5980.0  27
         5990.0  27
         6000.0  27
         6010.0  27
         6020.0  27
         6030.0  27
         6040.0  27
         6050.0  27
         6060.0  27
         6070.0  27
         6080.0  27
         6090.0  27
         6100.0  27
         6110.0  27
         6120.0  27
         6130.0  27
         6140.0  27
         6150.0  27
         6160.0  27
         6170.0  27
         6180.0  27
         6190.0  27
         6200.0  27
         6210.0  27
         6220.0  27
         6230.0  27
         6240.0  27
         6250.0  27
         6260.0  27
         6270.0  27
         6280.0  27
         6290.0  27
         6300.0  27
         6310.0  27
         6320.0  27
         6330.0  27
         6340.0  27
         6350.0  27
         6360.0  27
         6370.0  27
         6380.0  27
         6390.0  27
         6400.0  27
         6410.0  27
         6420.0  27
         6430.0  27
         6440.0  27
         6450.0  27
         6460.0  27
         6470.0  27
         6480.0  27
         6490.0  27
         6500.0  27
         6510.0  27
         6520.0  27
         6530.0  27
         6540.0  27
         6550.0  27
         6560.0  27
         6570.0  27
         6580.0  27
         6590.0  27
         6600.0  27
         6610.0  27
         6620.0  27
         6630.0  27
         6640.0  27
         6650.0  27
         6660.0  27
         6670.0  27
         6680.0  27
         6690.0  27
         6700.0  27
         6710.0  27
         6720.0  27
         6730.0  27
         6740.0  27
         6750.0  27
         6760.0  27
         6770.0  27
         6780.0  27
         6790.0  27
         6800.0  27
         6810.0  27
         6820.0  27
         6830.0  27
         6840.0  27
         6850.0  27
         6860.0  27
         6870.0  27
         6880.0  27
         6890.0  27
         6900.0  27
         6910.0  27
         6920.0  27
         6930.0  27
         6940.0  27
         6950.0  27
         6960.0  27
         6970.0  27
         6980.0  27
         6990.0  27
         7000.0  27
         7010.0  27
         7020.0  27
         7030.0  27
         7040.0  27
         7050.0  27
         7060.0  27
         7070.0  27
         7080.0  27
         7090.0  27
         7100.0  27
         7110.0  27
         7120.0  27
         7130.0  27
         7140.0  27
         7150.0  27
         7160.0  27
         7170.0  27
         7180.0  27
         7190.0  27
         7200.0  27
