 seconds_passed droidmate-run:com.estrongs.android.taskmanager
            0.0   0
           10.0   2
           20.0   2
           30.0   2
           40.0   2
           50.0   2
           60.0   2
           70.0   2
           80.0   3
           90.0   3
          100.0   3
          110.0   3
          120.0   3
          130.0   3
          140.0   3
          150.0   3
          160.0   3
          170.0   3
          180.0   3
          190.0   3
          200.0   3
          210.0   3
          220.0   3
          230.0   5
          240.0   5
          250.0   5
          260.0   5
          270.0   6
          280.0   8
          290.0   8
          300.0   8
          310.0   8
          320.0   9
          330.0   9
          340.0   9
          350.0   9
          360.0  10
          370.0  10
          380.0  10
          390.0  10
          400.0  10
          410.0  10
          420.0  10
          430.0  10
          440.0  10
          450.0  10
          460.0  10
          470.0  11
          480.0  11
          490.0  12
          500.0  12
          510.0  13
          520.0  13
          530.0  13
          540.0  13
          550.0  13
          560.0  13
          570.0  13
          580.0  13
          590.0  13
          600.0  13
          610.0  13
          620.0  13
          630.0  13
          640.0  13
          650.0  13
          660.0  13
          670.0  13
          680.0  13
          690.0  13
          700.0  13
          710.0  13
          720.0  13
          730.0  13
          740.0  13
          750.0  13
          760.0  13
          770.0  13
          780.0  13
          790.0  13
          800.0  13
          810.0  13
          820.0  13
          830.0  13
          840.0  13
          850.0  13
          860.0  13
          870.0  13
          880.0  13
          890.0  13
          900.0  13
          910.0  13
          920.0  13
          930.0  13
          940.0  13
          950.0  13
          960.0  13
          970.0  13
          980.0  13
          990.0  13
         1000.0  13
         1010.0  13
         1020.0  13
         1030.0  13
         1040.0  13
         1050.0  13
         1060.0  13
         1070.0  13
         1080.0  13
         1090.0  13
         1100.0  13
         1110.0  13
         1120.0  13
         1130.0  13
         1140.0  13
         1150.0  13
         1160.0  13
         1170.0  13
         1180.0  13
         1190.0  13
         1200.0  13
         1210.0  13
         1220.0  13
         1230.0  13
         1240.0  13
         1250.0  13
         1260.0  13
         1270.0  14
         1280.0  14
         1290.0  14
         1300.0  14
         1310.0  14
         1320.0  14
         1330.0  14
         1340.0  14
         1350.0  14
         1360.0  14
         1370.0  14
         1380.0  14
         1390.0  14
         1400.0  14
         1410.0  14
         1420.0  14
         1430.0  14
         1440.0  14
         1450.0  14
         1460.0  14
         1470.0  14
         1480.0  14
         1490.0  14
         1500.0  14
         1510.0  14
         1520.0  14
         1530.0  14
         1540.0  14
         1550.0  14
         1560.0  14
         1570.0  14
         1580.0  14
         1590.0  14
         1600.0  14
         1610.0  14
         1620.0  14
         1630.0  14
         1640.0  14
         1650.0  14
         1660.0  14
         1670.0  14
         1680.0  14
         1690.0  14
         1700.0  14
         1710.0  14
         1720.0  14
         1730.0  14
         1740.0  14
         1750.0  14
         1760.0  14
         1770.0  14
         1780.0  14
         1790.0  14
         1800.0  14
         1810.0  14
         1820.0  14
         1830.0  14
         1840.0  14
         1850.0  14
         1860.0  14
         1870.0  14
         1880.0  14
         1890.0  14
         1900.0  14
         1910.0  14
         1920.0  14
         1930.0  14
         1940.0  14
         1950.0  14
         1960.0  14
         1970.0  14
         1980.0  14
         1990.0  14
         2000.0  14
         2010.0  14
         2020.0  14
         2030.0  14
         2040.0  14
         2050.0  14
         2060.0  14
         2070.0  14
         2080.0  14
         2090.0  14
         2100.0  14
         2110.0  14
         2120.0  14
         2130.0  14
         2140.0  14
         2150.0  14
         2160.0  14
         2170.0  14
         2180.0  14
         2190.0  14
         2200.0  14
         2210.0  14
         2220.0  14
         2230.0  14
         2240.0  14
         2250.0  14
         2260.0  14
         2270.0  14
         2280.0  14
         2290.0  14
         2300.0  14
         2310.0  14
         2320.0  14
         2330.0  14
         2340.0  14
         2350.0  14
         2360.0  14
         2370.0  14
         2380.0  14
         2390.0  14
         2400.0  14
         2410.0  14
         2420.0  14
         2430.0  14
         2440.0  14
         2450.0  14
         2460.0  14
         2470.0  14
         2480.0  14
         2490.0  14
         2500.0  14
         2510.0  14
         2520.0  14
         2530.0  14
         2540.0  14
         2550.0  14
         2560.0  14
         2570.0  14
         2580.0  14
         2590.0  14
         2600.0  14
         2610.0  14
         2620.0  14
         2630.0  14
         2640.0  14
         2650.0  14
         2660.0  14
         2670.0  14
         2680.0  14
         2690.0  14
         2700.0  14
         2710.0  14
         2720.0  14
         2730.0  14
         2740.0  14
         2750.0  14
         2760.0  14
         2770.0  14
         2780.0  14
         2790.0  14
         2800.0  14
         2810.0  14
         2820.0  14
         2830.0  14
         2840.0  14
         2850.0  14
         2860.0  14
         2870.0  14
         2880.0  14
         2890.0  14
         2900.0  14
         2910.0  14
         2920.0  14
         2930.0  14
         2940.0  14
         2950.0  14
         2960.0  14
         2970.0  14
         2980.0  14
         2990.0  14
         3000.0  14
         3010.0  14
         3020.0  14
         3030.0  14
         3040.0  14
         3050.0  14
         3060.0  14
         3070.0  14
         3080.0  14
         3090.0  14
         3100.0  14
         3110.0  14
         3120.0  14
         3130.0  14
         3140.0  14
         3150.0  14
         3160.0  14
         3170.0  14
         3180.0  14
         3190.0  14
         3200.0  14
         3210.0  14
         3220.0  14
         3230.0  14
         3240.0  14
         3250.0  14
         3260.0  14
         3270.0  14
         3280.0  14
         3290.0  14
         3300.0  14
         3310.0  14
         3320.0  14
         3330.0  14
         3340.0  14
         3350.0  14
         3360.0  14
         3370.0  14
         3380.0  14
         3390.0  14
         3400.0  14
         3410.0  14
         3420.0  14
         3430.0  14
         3440.0  14
         3450.0  14
         3460.0  14
         3470.0  14
         3480.0  14
         3490.0  14
         3500.0  14
         3510.0  14
         3520.0  14
         3530.0  14
         3540.0  14
         3550.0  14
         3560.0  14
         3570.0  14
         3580.0  14
         3590.0  14
         3600.0  14
         3610.0  14
         3620.0  14
         3630.0  14
         3640.0  14
         3650.0  14
         3660.0  14
         3670.0  14
         3680.0  14
         3690.0  14
         3700.0  14
         3710.0  14
         3720.0  14
         3730.0  14
         3740.0  14
         3750.0  14
         3760.0  14
         3770.0  14
         3780.0  14
         3790.0  14
         3800.0  14
         3810.0  14
         3820.0  14
         3830.0  14
         3840.0  14
         3850.0  14
         3860.0  14
         3870.0  14
         3880.0  14
         3890.0  14
         3900.0  14
         3910.0  14
         3920.0  14
         3930.0  14
         3940.0  14
         3950.0  14
         3960.0  14
         3970.0  14
         3980.0  14
         3990.0  14
         4000.0  14
         4010.0  14
         4020.0  14
         4030.0  14
         4040.0  14
         4050.0  14
         4060.0  14
         4070.0  14
         4080.0  14
         4090.0  15
         4100.0  15
         4110.0  15
         4120.0  15
         4130.0  15
         4140.0  15
         4150.0  15
         4160.0  15
         4170.0  15
         4180.0  15
         4190.0  15
         4200.0  15
         4210.0  15
         4220.0  15
         4230.0  15
         4240.0  15
         4250.0  15
         4260.0  15
         4270.0  15
         4280.0  15
         4290.0  15
         4300.0  15
         4310.0  15
         4320.0  15
         4330.0  15
         4340.0  15
         4350.0  15
         4360.0  15
         4370.0  15
         4380.0  15
         4390.0  15
         4400.0  15
         4410.0  15
         4420.0  15
         4430.0  15
         4440.0  15
         4450.0  15
         4460.0  15
         4470.0  15
         4480.0  15
         4490.0  15
         4500.0  15
         4510.0  15
         4520.0  15
         4530.0  15
         4540.0  15
         4550.0  15
         4560.0  15
         4570.0  15
         4580.0  15
         4590.0  15
         4600.0  15
         4610.0  15
         4620.0  15
         4630.0  15
         4640.0  15
         4650.0  15
         4660.0  16
         4670.0  16
         4680.0  16
         4690.0  16
         4700.0  16
         4710.0  16
         4720.0  16
         4730.0  16
         4740.0  16
         4750.0  16
         4760.0  16
         4770.0  16
         4780.0  16
         4790.0  16
         4800.0  16
         4810.0  17
         4820.0  17
         4830.0  17
         4840.0  17
         4850.0  17
         4860.0  17
         4870.0  17
         4880.0  17
         4890.0  17
         4900.0  17
         4910.0  17
         4920.0  18
         4930.0  18
         4940.0  18
         4950.0  18
         4960.0  18
         4970.0  18
         4980.0  18
         4990.0  18
         5000.0  18
         5010.0  18
         5020.0  18
         5030.0  18
         5040.0  18
         5050.0  18
         5060.0  18
         5070.0  19
         5080.0  19
         5090.0  19
         5100.0  19
         5110.0  19
         5120.0  19
         5130.0  19
         5140.0  19
         5150.0  19
         5160.0  19
         5170.0  19
         5180.0  19
         5190.0  19
         5200.0  19
         5210.0  19
         5220.0  19
         5230.0  19
         5240.0  19
         5250.0  19
         5260.0  19
         5270.0  19
         5280.0  19
         5290.0  19
         5300.0  19
         5310.0  19
         5320.0  19
         5330.0  19
         5340.0  19
         5350.0  19
         5360.0  19
         5370.0  19
         5380.0  19
         5390.0  19
         5400.0  19
         5410.0  19
         5420.0  19
         5430.0  19
         5440.0  19
         5450.0  19
         5460.0  19
         5470.0  19
         5480.0  19
         5490.0  19
         5500.0  19
         5510.0  19
         5520.0  19
         5530.0  19
         5540.0  19
         5550.0  19
         5560.0  19
         5570.0  19
         5580.0  19
         5590.0  19
         5600.0  19
         5610.0  19
         5620.0  19
         5630.0  19
         5640.0  19
         5650.0  19
         5660.0  19
         5670.0  19
         5680.0  19
         5690.0  21
         5700.0  21
         5710.0  21
         5720.0  21
         5730.0  21
         5740.0  21
         5750.0  21
         5760.0  21
         5770.0  21
         5780.0  21
         5790.0  21
         5800.0  21
         5810.0  21
         5820.0  21
         5830.0  21
         5840.0  21
         5850.0  21
         5860.0  21
         5870.0  21
         5880.0  21
         5890.0  21
         5900.0  21
         5910.0  21
         5920.0  21
         5930.0  21
         5940.0  21
         5950.0  21
         5960.0  21
         5970.0  21
         5980.0  21
         5990.0  21
         6000.0  21
         6010.0  21
         6020.0  21
         6030.0  21
         6040.0  21
         6050.0  21
         6060.0  21
         6070.0  21
         6080.0  21
         6090.0  21
         6100.0  21
         6110.0  21
         6120.0  21
         6130.0  21
         6140.0  21
         6150.0  21
         6160.0  21
         6170.0  21
         6180.0  21
         6190.0  21
         6200.0  21
         6210.0  21
         6220.0  21
         6230.0  21
         6240.0  21
         6250.0  21
         6260.0  21
         6270.0  21
         6280.0  21
         6290.0  21
         6300.0  21
         6310.0  21
         6320.0  21
         6330.0  21
         6340.0  21
         6350.0  21
         6360.0  21
         6370.0  21
         6380.0  21
         6390.0  21
         6400.0  21
         6410.0  21
         6420.0  21
         6430.0  21
         6440.0  21
         6450.0  21
         6460.0  21
         6470.0  21
         6480.0  21
         6490.0  21
         6500.0  21
         6510.0  21
         6520.0  21
         6530.0  21
         6540.0  21
         6550.0  21
         6560.0  21
         6570.0  21
         6580.0  21
         6590.0  21
         6600.0  21
         6610.0  21
         6620.0  21
         6630.0  21
         6640.0  21
         6650.0  21
         6660.0  21
         6670.0  21
         6680.0  21
         6690.0  21
         6700.0  21
         6710.0  21
         6720.0  21
         6730.0  21
         6740.0  21
         6750.0  21
         6760.0  21
         6770.0  21
         6780.0  21
         6790.0  21
         6800.0  21
         6810.0  21
         6820.0  21
         6830.0  21
         6840.0  21
         6850.0  21
         6860.0  21
         6870.0  21
         6880.0  21
         6890.0  21
         6900.0  21
         6910.0  21
         6920.0  21
         6930.0  21
         6940.0  21
         6950.0  21
         6960.0  21
         6970.0  21
         6980.0  21
         6990.0  21
         7000.0  21
         7010.0  21
         7020.0  21
         7030.0  21
         7040.0  21
         7050.0  21
         7060.0  21
         7070.0  21
         7080.0  21
         7090.0  21
         7100.0  21
         7110.0  21
         7120.0  21
         7130.0  21
         7140.0  21
         7150.0  21
         7160.0  21
         7170.0  21
         7180.0  21
         7190.0  21
         7200.0  21
