 seconds_passed droidmate-run:com.cleanmaster.security
            0.0   0
           10.0   5
           20.0   7
           30.0  11
           40.0  12
           50.0  13
           60.0  16
           70.0  17
           80.0  17
           90.0  17
          100.0  17
          110.0  17
          120.0  18
          130.0  18
          140.0  19
          150.0  19
          160.0  19
          170.0  19
          180.0  19
          190.0  19
          200.0  19
          210.0  19
          220.0  20
          230.0  20
          240.0  20
          250.0  20
          260.0  20
          270.0  20
          280.0  20
          290.0  21
          300.0  22
          310.0  23
          320.0  23
          330.0  23
          340.0  23
          350.0  23
          360.0  23
          370.0  23
          380.0  23
          390.0  23
          400.0  23
          410.0  23
          420.0  23
          430.0  23
          440.0  23
          450.0  23
          460.0  23
          470.0  24
          480.0  24
          490.0  24
          500.0  24
          510.0  24
          520.0  24
          530.0  24
          540.0  24
          550.0  25
          560.0  25
          570.0  25
          580.0  26
          590.0  27
          600.0  27
          610.0  27
          620.0  28
          630.0  28
          640.0  28
          650.0  28
          660.0  28
          670.0  28
          680.0  28
          690.0  30
          700.0  30
          710.0  30
          720.0  30
          730.0  30
          740.0  30
          750.0  30
          760.0  30
          770.0  30
          780.0  30
          790.0  30
          800.0  30
          810.0  30
          820.0  30
          830.0  30
          840.0  30
          850.0  30
          860.0  30
          870.0  30
          880.0  30
          890.0  30
          900.0  30
          910.0  33
          920.0  36
          930.0  36
          940.0  36
          950.0  36
          960.0  36
          970.0  36
          980.0  36
          990.0  36
         1000.0  36
         1010.0  36
         1020.0  37
         1030.0  39
         1040.0  40
         1050.0  40
         1060.0  40
         1070.0  40
         1080.0  40
         1090.0  40
         1100.0  40
         1110.0  40
         1120.0  40
         1130.0  40
         1140.0  40
         1150.0  40
         1160.0  40
         1170.0  40
         1180.0  40
         1190.0  40
         1200.0  40
         1210.0  40
         1220.0  40
         1230.0  40
         1240.0  40
         1250.0  40
         1260.0  40
         1270.0  40
         1280.0  40
         1290.0  40
         1300.0  40
         1310.0  40
         1320.0  40
         1330.0  40
         1340.0  40
         1350.0  40
         1360.0  40
         1370.0  40
         1380.0  40
         1390.0  40
         1400.0  40
         1410.0  40
         1420.0  40
         1430.0  40
         1440.0  40
         1450.0  40
         1460.0  40
         1470.0  40
         1480.0  40
         1490.0  40
         1500.0  40
         1510.0  40
         1520.0  40
         1530.0  40
         1540.0  40
         1550.0  40
         1560.0  40
         1570.0  41
         1580.0  42
         1590.0  42
         1600.0  43
         1610.0  43
         1620.0  43
         1630.0  43
         1640.0  44
         1650.0  44
         1660.0  44
         1670.0  44
         1680.0  44
         1690.0  44
         1700.0  44
         1710.0  44
         1720.0  44
         1730.0  44
         1740.0  44
         1750.0  44
         1760.0  44
         1770.0  44
         1780.0  44
         1790.0  44
         1800.0  44
         1810.0  44
         1820.0  44
         1830.0  44
         1840.0  44
         1850.0  44
         1860.0  44
         1870.0  44
         1880.0  44
         1890.0  44
         1900.0  44
         1910.0  44
         1920.0  44
         1930.0  44
         1940.0  44
         1950.0  44
         1960.0  44
         1970.0  44
         1980.0  44
         1990.0  44
         2000.0  44
         2010.0  44
         2020.0  44
         2030.0  44
         2040.0  44
         2050.0  44
         2060.0  44
         2070.0  44
         2080.0  44
         2090.0  44
         2100.0  44
         2110.0  44
         2120.0  44
         2130.0  44
         2140.0  44
         2150.0  44
         2160.0  44
         2170.0  44
         2180.0  44
         2190.0  44
         2200.0  44
         2210.0  44
         2220.0  44
         2230.0  44
         2240.0  44
         2250.0  44
         2260.0  44
         2270.0  44
         2280.0  44
         2290.0  44
         2300.0  44
         2310.0  44
         2320.0  44
         2330.0  44
         2340.0  44
         2350.0  44
         2360.0  44
         2370.0  44
         2380.0  44
         2390.0  44
         2400.0  44
         2410.0  44
         2420.0  44
         2430.0  44
         2440.0  44
         2450.0  44
         2460.0  44
         2470.0  44
         2480.0  44
         2490.0  44
         2500.0  44
         2510.0  44
         2520.0  44
         2530.0  44
         2540.0  44
         2550.0  44
         2560.0  44
         2570.0  44
         2580.0  44
         2590.0  44
         2600.0  44
         2610.0  44
         2620.0  44
         2630.0  44
         2640.0  44
         2650.0  44
         2660.0  44
         2670.0  44
         2680.0  44
         2690.0  44
         2700.0  44
         2710.0  44
         2720.0  44
         2730.0  44
         2740.0  44
         2750.0  44
         2760.0  44
         2770.0  44
         2780.0  44
         2790.0  44
         2800.0  44
         2810.0  44
         2820.0  44
         2830.0  44
         2840.0  44
         2850.0  44
         2860.0  44
         2870.0  44
         2880.0  44
         2890.0  44
         2900.0  44
         2910.0  44
         2920.0  44
         2930.0  44
         2940.0  44
         2950.0  44
         2960.0  44
         2970.0  44
         2980.0  44
         2990.0  44
         3000.0  45
         3010.0  45
         3020.0  45
         3030.0  45
         3040.0  45
         3050.0  45
         3060.0  45
         3070.0  45
         3080.0  45
         3090.0  45
         3100.0  45
         3110.0  45
         3120.0  45
         3130.0  45
         3140.0  45
         3150.0  45
         3160.0  45
         3170.0  45
         3180.0  45
         3190.0  45
         3200.0  45
         3210.0  45
         3220.0  45
         3230.0  45
         3240.0  45
         3250.0  45
         3260.0  46
         3270.0  46
         3280.0  46
         3290.0  46
         3300.0  46
         3310.0  46
         3320.0  46
         3330.0  46
         3340.0  46
         3350.0  47
         3360.0  47
         3370.0  47
         3380.0  48
         3390.0  48
         3400.0  48
         3410.0  48
         3420.0  48
         3430.0  48
         3440.0  48
         3450.0  48
         3460.0  48
         3470.0  48
         3480.0  48
         3490.0  48
         3500.0  48
         3510.0  48
         3520.0  48
         3530.0  48
         3540.0  48
         3550.0  48
         3560.0  48
         3570.0  48
         3580.0  48
         3590.0  48
         3600.0  48
         3610.0  48
         3620.0  48
         3630.0  48
         3640.0  48
         3650.0  48
         3660.0  48
         3670.0  48
         3680.0  48
         3690.0  48
         3700.0  48
         3710.0  48
         3720.0  48
         3730.0  48
         3740.0  49
         3750.0  49
         3760.0  49
         3770.0  49
         3780.0  49
         3790.0  49
         3800.0  49
         3810.0  49
         3820.0  49
         3830.0  49
         3840.0  49
         3850.0  49
         3860.0  49
         3870.0  49
         3880.0  49
         3890.0  49
         3900.0  49
         3910.0  49
         3920.0  49
         3930.0  49
         3940.0  49
         3950.0  49
         3960.0  49
         3970.0  49
         3980.0  49
         3990.0  49
         4000.0  49
         4010.0  49
         4020.0  49
         4030.0  49
         4040.0  49
         4050.0  49
         4060.0  49
         4070.0  49
         4080.0  49
         4090.0  49
         4100.0  49
         4110.0  49
         4120.0  49
         4130.0  49
         4140.0  49
         4150.0  49
         4160.0  49
         4170.0  49
         4180.0  49
         4190.0  49
         4200.0  49
         4210.0  49
         4220.0  49
         4230.0  49
         4240.0  49
         4250.0  49
         4260.0  49
         4270.0  49
         4280.0  49
         4290.0  49
         4300.0  49
         4310.0  49
         4320.0  49
         4330.0  49
         4340.0  49
         4350.0  49
         4360.0  49
         4370.0  49
         4380.0  49
         4390.0  49
         4400.0  50
         4410.0  50
         4420.0  50
         4430.0  50
         4440.0  50
         4450.0  50
         4460.0  50
         4470.0  50
         4480.0  50
         4490.0  50
         4500.0  50
         4510.0  50
         4520.0  50
         4530.0  50
         4540.0  50
         4550.0  50
         4560.0  50
         4570.0  50
         4580.0  50
         4590.0  50
         4600.0  50
         4610.0  50
         4620.0  50
         4630.0  50
         4640.0  50
         4650.0  50
         4660.0  50
         4670.0  50
         4680.0  50
         4690.0  50
         4700.0  51
         4710.0  51
         4720.0  51
         4730.0  51
         4740.0  51
         4750.0  51
         4760.0  51
         4770.0  51
         4780.0  51
         4790.0  51
         4800.0  51
         4810.0  51
         4820.0  51
         4830.0  51
         4840.0  52
         4850.0  52
         4860.0  52
         4870.0  52
         4880.0  52
         4890.0  52
         4900.0  52
         4910.0  52
         4920.0  52
         4930.0  52
         4940.0  52
         4950.0  52
         4960.0  52
         4970.0  52
         4980.0  53
         4990.0  53
         5000.0  53
         5010.0  53
         5020.0  53
         5030.0  53
         5040.0  53
         5050.0  53
         5060.0  53
         5070.0  53
         5080.0  53
         5090.0  53
         5100.0  53
         5110.0  53
         5120.0  53
         5130.0  53
         5140.0  53
         5150.0  53
         5160.0  53
         5170.0  53
         5180.0  53
         5190.0  53
         5200.0  53
         5210.0  53
         5220.0  53
         5230.0  53
         5240.0  53
         5250.0  53
         5260.0  53
         5270.0  53
         5280.0  53
         5290.0  53
         5300.0  53
         5310.0  53
         5320.0  53
         5330.0  53
         5340.0  53
         5350.0  53
         5360.0  53
         5370.0  53
         5380.0  53
         5390.0  53
         5400.0  53
         5410.0  53
         5420.0  53
         5430.0  53
         5440.0  53
         5450.0  53
         5460.0  53
         5470.0  53
         5480.0  53
         5490.0  53
         5500.0  53
         5510.0  53
         5520.0  53
         5530.0  53
         5540.0  53
         5550.0  53
         5560.0  53
         5570.0  53
         5580.0  53
         5590.0  53
         5600.0  53
         5610.0  53
         5620.0  53
         5630.0  53
         5640.0  53
         5650.0  53
         5660.0  53
         5670.0  53
         5680.0  53
         5690.0  53
         5700.0  53
         5710.0  53
         5720.0  53
         5730.0  53
         5740.0  53
         5750.0  53
         5760.0  53
         5770.0  53
         5780.0  53
         5790.0  53
         5800.0  53
         5810.0  53
         5820.0  53
         5830.0  53
         5840.0  53
         5850.0  53
         5860.0  53
         5870.0  53
         5880.0  53
         5890.0  53
         5900.0  53
         5910.0  53
         5920.0  53
         5930.0  53
         5940.0  53
         5950.0  53
         5960.0  53
         5970.0  53
         5980.0  53
         5990.0  53
         6000.0  53
         6010.0  53
         6020.0  53
         6030.0  53
         6040.0  53
         6050.0  53
         6060.0  53
         6070.0  53
         6080.0  53
         6090.0  53
         6100.0  53
         6110.0  53
         6120.0  53
         6130.0  53
         6140.0  53
         6150.0  53
         6160.0  53
         6170.0  53
         6180.0  53
         6190.0  53
         6200.0  53
         6210.0  53
         6220.0  53
         6230.0  53
         6240.0  53
         6250.0  53
         6260.0  53
         6270.0  53
         6280.0  53
         6290.0  53
         6300.0  53
         6310.0  53
         6320.0  53
         6330.0  53
         6340.0  53
         6350.0  53
         6360.0  53
         6370.0  53
         6380.0  53
         6390.0  53
         6400.0  53
         6410.0  53
         6420.0  53
         6430.0  53
         6440.0  53
         6450.0  53
         6460.0  53
         6470.0  53
         6480.0  53
         6490.0  53
         6500.0  53
         6510.0  53
         6520.0  53
         6530.0  53
         6540.0  53
         6550.0  53
         6560.0  53
         6570.0  53
         6580.0  53
         6590.0  53
         6600.0  53
         6610.0  53
         6620.0  53
         6630.0  53
         6640.0  53
         6650.0  53
         6660.0  53
         6670.0  53
         6680.0  53
         6690.0  53
         6700.0  53
         6710.0  54
         6720.0  54
         6730.0  54
         6740.0  54
         6750.0  54
         6760.0  54
         6770.0  54
         6780.0  54
         6790.0  54
         6800.0  54
         6810.0  54
         6820.0  54
         6830.0  54
         6840.0  54
         6850.0  54
         6860.0  54
         6870.0  54
         6880.0  54
         6890.0  54
         6900.0  54
         6910.0  54
         6920.0  54
         6930.0  54
         6940.0  54
         6950.0  54
         6960.0  54
         6970.0  54
         6980.0  54
         6990.0  54
         7000.0  54
         7010.0  54
         7020.0  54
         7030.0  54
         7040.0  54
         7050.0  54
         7060.0  54
         7070.0  54
         7080.0  54
         7090.0  54
         7100.0  54
         7110.0  54
         7120.0  54
         7130.0  54
         7140.0  54
         7150.0  54
         7160.0  54
         7170.0  54
         7180.0  54
         7190.0  54
         7200.0  54
