 seconds_passed droidmate-run:com.picsart.studio
            0.0   0
           10.0   1
           20.0  12
           30.0  12
           40.0  12
           50.0  13
           60.0  14
           70.0  14
           80.0  14
           90.0  14
          100.0  14
          110.0  14
          120.0  18
          130.0  21
          140.0  22
          150.0  23
          160.0  23
          170.0  23
          180.0  24
          190.0  27
          200.0  30
          210.0  30
          220.0  30
          230.0  30
          240.0  32
          250.0  32
          260.0  32
          270.0  32
          280.0  32
          290.0  32
          300.0  32
          310.0  33
          320.0  33
          330.0  33
          340.0  33
          350.0  33
          360.0  33
          370.0  33
          380.0  33
          390.0  33
          400.0  33
          410.0  33
          420.0  33
          430.0  36
          440.0  36
          450.0  36
          460.0  36
          470.0  36
          480.0  36
          490.0  36
          500.0  36
          510.0  36
          520.0  38
          530.0  39
          540.0  39
          550.0  39
          560.0  39
          570.0  40
          580.0  40
          590.0  40
          600.0  40
          610.0  40
          620.0  40
          630.0  40
          640.0  40
          650.0  40
          660.0  40
          670.0  41
          680.0  41
          690.0  41
          700.0  41
          710.0  41
          720.0  41
          730.0  41
          740.0  43
          750.0  43
          760.0  43
          770.0  43
          780.0  43
          790.0  43
          800.0  43
          810.0  44
          820.0  44
          830.0  44
          840.0  44
          850.0  48
          860.0  48
          870.0  48
          880.0  48
          890.0  48
          900.0  48
          910.0  48
          920.0  48
          930.0  48
          940.0  48
          950.0  48
          960.0  48
          970.0  48
          980.0  49
          990.0  49
         1000.0  49
         1010.0  51
         1020.0  51
         1030.0  51
         1040.0  51
         1050.0  51
         1060.0  51
         1070.0  51
         1080.0  51
         1090.0  51
         1100.0  51
         1110.0  51
         1120.0  51
         1130.0  51
         1140.0  52
         1150.0  52
         1160.0  52
         1170.0  52
         1180.0  52
         1190.0  52
         1200.0  52
         1210.0  52
         1220.0  52
         1230.0  52
         1240.0  52
         1250.0  52
         1260.0  52
         1270.0  52
         1280.0  52
         1290.0  52
         1300.0  52
         1310.0  52
         1320.0  52
         1330.0  52
         1340.0  52
         1350.0  52
         1360.0  52
         1370.0  52
         1380.0  52
         1390.0  52
         1400.0  52
         1410.0  52
         1420.0  52
         1430.0  53
         1440.0  55
         1450.0  55
         1460.0  55
         1470.0  55
         1480.0  55
         1490.0  55
         1500.0  55
         1510.0  55
         1520.0  55
         1530.0  55
         1540.0  55
         1550.0  55
         1560.0  55
         1570.0  55
         1580.0  55
         1590.0  56
         1600.0  56
         1610.0  56
         1620.0  56
         1630.0  56
         1640.0  56
         1650.0  56
         1660.0  56
         1670.0  56
         1680.0  56
         1690.0  56
         1700.0  56
         1710.0  56
         1720.0  56
         1730.0  56
         1740.0  56
         1750.0  56
         1760.0  56
         1770.0  57
         1780.0  57
         1790.0  57
         1800.0  57
         1810.0  57
         1820.0  57
         1830.0  57
         1840.0  57
         1850.0  57
         1860.0  57
         1870.0  59
         1880.0  59
         1890.0  59
         1900.0  59
         1910.0  59
         1920.0  59
         1930.0  59
         1940.0  59
         1950.0  59
         1960.0  59
         1970.0  59
         1980.0  59
         1990.0  59
         2000.0  59
         2010.0  59
         2020.0  59
         2030.0  60
         2040.0  60
         2050.0  60
         2060.0  60
         2070.0  60
         2080.0  60
         2090.0  60
         2100.0  60
         2110.0  60
         2120.0  60
         2130.0  60
         2140.0  60
         2150.0  60
         2160.0  60
         2170.0  60
         2180.0  60
         2190.0  60
         2200.0  60
         2210.0  60
         2220.0  60
         2230.0  60
         2240.0  60
         2250.0  60
         2260.0  60
         2270.0  60
         2280.0  60
         2290.0  60
         2300.0  60
         2310.0  60
         2320.0  60
         2330.0  60
         2340.0  60
         2350.0  60
         2360.0  60
         2370.0  60
         2380.0  60
         2390.0  60
         2400.0  60
         2410.0  60
         2420.0  60
         2430.0  60
         2440.0  60
         2450.0  60
         2460.0  60
         2470.0  60
         2480.0  60
         2490.0  60
         2500.0  60
         2510.0  60
         2520.0  60
         2530.0  60
         2540.0  60
         2550.0  60
         2560.0  60
         2570.0  60
         2580.0  60
         2590.0  60
         2600.0  60
         2610.0  60
         2620.0  60
         2630.0  60
         2640.0  60
         2650.0  60
         2660.0  60
         2670.0  60
         2680.0  60
         2690.0  60
         2700.0  60
         2710.0  60
         2720.0  60
         2730.0  60
         2740.0  60
         2750.0  60
         2760.0  60
         2770.0  60
         2780.0  60
         2790.0  60
         2800.0  60
         2810.0  61
         2820.0  61
         2830.0  61
         2840.0  61
         2850.0  61
         2860.0  61
         2870.0  61
         2880.0  61
         2890.0  61
         2900.0  61
         2910.0  61
         2920.0  61
         2930.0  61
         2940.0  61
         2950.0  61
         2960.0  61
         2970.0  61
         2980.0  61
         2990.0  61
         3000.0  61
         3010.0  61
         3020.0  61
         3030.0  61
         3040.0  61
         3050.0  61
         3060.0  61
         3070.0  61
         3080.0  61
         3090.0  61
         3100.0  61
         3110.0  61
         3120.0  61
         3130.0  61
         3140.0  61
         3150.0  61
         3160.0  61
         3170.0  61
         3180.0  61
         3190.0  61
         3200.0  61
         3210.0  61
         3220.0  61
         3230.0  61
         3240.0  61
         3250.0  61
         3260.0  61
         3270.0  61
         3280.0  61
         3290.0  61
         3300.0  61
         3310.0  61
         3320.0  61
         3330.0  61
         3340.0  61
         3350.0  61
         3360.0  61
         3370.0  62
         3380.0  62
         3390.0  62
         3400.0  62
         3410.0  62
         3420.0  62
         3430.0  62
         3440.0  62
         3450.0  62
         3460.0  62
         3470.0  62
         3480.0  62
         3490.0  62
         3500.0  62
         3510.0  62
         3520.0  62
         3530.0  62
         3540.0  62
         3550.0  62
         3560.0  62
         3570.0  62
         3580.0  62
         3590.0  62
         3600.0  62
         3610.0  62
         3620.0  63
         3630.0  63
         3640.0  63
         3650.0  63
         3660.0  63
         3670.0  63
         3680.0  66
         3690.0  66
         3700.0  66
         3710.0  66
         3720.0  66
         3730.0  66
         3740.0  66
         3750.0  66
         3760.0  66
         3770.0  66
         3780.0  66
         3790.0  66
         3800.0  66
         3810.0  66
         3820.0  66
         3830.0  66
         3840.0  66
         3850.0  66
         3860.0  66
         3870.0  66
         3880.0  66
         3890.0  66
         3900.0  66
         3910.0  66
         3920.0  66
         3930.0  66
         3940.0  66
         3950.0  66
         3960.0  66
         3970.0  66
         3980.0  66
         3990.0  66
         4000.0  66
         4010.0  66
         4020.0  67
         4030.0  67
         4040.0  67
         4050.0  67
         4060.0  68
         4070.0  68
         4080.0  68
         4090.0  68
         4100.0  68
         4110.0  68
         4120.0  68
         4130.0  68
         4140.0  68
         4150.0  68
         4160.0  68
         4170.0  68
         4180.0  68
         4190.0  68
         4200.0  68
         4210.0  68
         4220.0  68
         4230.0  68
         4240.0  68
         4250.0  68
         4260.0  68
         4270.0  68
         4280.0  68
         4290.0  68
         4300.0  68
         4310.0  68
         4320.0  68
         4330.0  68
         4340.0  68
         4350.0  68
         4360.0  68
         4370.0  68
         4380.0  68
         4390.0  68
         4400.0  68
         4410.0  68
         4420.0  68
         4430.0  68
         4440.0  68
         4450.0  68
         4460.0  68
         4470.0  68
         4480.0  68
         4490.0  68
         4500.0  68
         4510.0  68
         4520.0  68
         4530.0  68
         4540.0  68
         4550.0  68
         4560.0  68
         4570.0  68
         4580.0  68
         4590.0  68
         4600.0  68
         4610.0  68
         4620.0  68
         4630.0  68
         4640.0  68
         4650.0  68
         4660.0  68
         4670.0  68
         4680.0  68
         4690.0  68
         4700.0  68
         4710.0  68
         4720.0  68
         4730.0  68
         4740.0  68
         4750.0  68
         4760.0  68
         4770.0  68
         4780.0  68
         4790.0  68
         4800.0  68
         4810.0  68
         4820.0  68
         4830.0  68
         4840.0  68
         4850.0  68
         4860.0  68
         4870.0  68
         4880.0  68
         4890.0  68
         4900.0  68
         4910.0  68
         4920.0  68
         4930.0  68
         4940.0  68
         4950.0  68
         4960.0  68
         4970.0  68
         4980.0  68
         4990.0  68
         5000.0  68
         5010.0  68
         5020.0  68
         5030.0  68
         5040.0  68
         5050.0  68
         5060.0  68
         5070.0  68
         5080.0  68
         5090.0  68
         5100.0  68
         5110.0  68
         5120.0  68
         5130.0  68
         5140.0  68
         5150.0  68
         5160.0  68
         5170.0  68
         5180.0  68
         5190.0  68
         5200.0  68
         5210.0  68
         5220.0  68
         5230.0  68
         5240.0  68
         5250.0  68
         5260.0  68
         5270.0  68
         5280.0  68
         5290.0  68
         5300.0  68
         5310.0  68
         5320.0  68
         5330.0  68
         5340.0  68
         5350.0  68
         5360.0  68
         5370.0  68
         5380.0  68
         5390.0  68
         5400.0  68
         5410.0  68
         5420.0  68
         5430.0  68
         5440.0  68
         5450.0  68
         5460.0  68
         5470.0  68
         5480.0  68
         5490.0  68
         5500.0  68
         5510.0  68
         5520.0  68
         5530.0  68
         5540.0  68
         5550.0  68
         5560.0  68
         5570.0  68
         5580.0  68
         5590.0  68
         5600.0  68
         5610.0  68
         5620.0  68
         5630.0  68
         5640.0  68
         5650.0  68
         5660.0  68
         5670.0  68
         5680.0  68
         5690.0  68
         5700.0  68
         5710.0  68
         5720.0  68
         5730.0  68
         5740.0  68
         5750.0  68
         5760.0  68
         5770.0  68
         5780.0  68
         5790.0  68
         5800.0  68
         5810.0  68
         5820.0  68
         5830.0  68
         5840.0  68
         5850.0  68
         5860.0  68
         5870.0  68
         5880.0  68
         5890.0  68
         5900.0  68
         5910.0  68
         5920.0  68
         5930.0  68
         5940.0  68
         5950.0  68
         5960.0  68
         5970.0  68
         5980.0  68
         5990.0  68
         6000.0  68
         6010.0  68
         6020.0  68
         6030.0  68
         6040.0  68
         6050.0  68
         6060.0  68
         6070.0  68
         6080.0  68
         6090.0  68
         6100.0  68
         6110.0  68
         6120.0  68
         6130.0  68
         6140.0  68
         6150.0  68
         6160.0  68
         6170.0  68
         6180.0  68
         6190.0  68
         6200.0  68
         6210.0  68
         6220.0  68
         6230.0  68
         6240.0  68
         6250.0  68
         6260.0  68
         6270.0  68
         6280.0  68
         6290.0  68
         6300.0  68
         6310.0  68
         6320.0  68
         6330.0  68
         6340.0  68
         6350.0  68
         6360.0  68
         6370.0  68
         6380.0  68
         6390.0  68
         6400.0  68
         6410.0  68
         6420.0  68
         6430.0  68
         6440.0  68
         6450.0  68
         6460.0  68
         6470.0  68
         6480.0  68
         6490.0  68
         6500.0  68
         6510.0  68
         6520.0  68
         6530.0  68
         6540.0  68
         6550.0  68
         6560.0  68
         6570.0  68
         6580.0  68
         6590.0  68
         6600.0  68
         6610.0  68
         6620.0  68
         6630.0  68
         6640.0  68
         6650.0  69
         6660.0  69
         6670.0  69
         6680.0  69
         6690.0  69
         6700.0  69
         6710.0  69
         6720.0  69
         6730.0  69
         6740.0  69
         6750.0  69
         6760.0  69
         6770.0  69
         6780.0  69
         6790.0  69
         6800.0  69
         6810.0  69
         6820.0  69
         6830.0  69
         6840.0  69
         6850.0  69
         6860.0  69
         6870.0  69
         6880.0  69
         6890.0  69
         6900.0  69
         6910.0  69
         6920.0  69
         6930.0  69
         6940.0  69
         6950.0  69
         6960.0  69
         6970.0  69
         6980.0  69
         6990.0  69
         7000.0  69
         7010.0  69
         7020.0  69
         7030.0  69
         7040.0  69
         7050.0  69
         7060.0  69
         7070.0  69
         7080.0  69
         7090.0  69
         7100.0  69
         7110.0  69
         7120.0  69
         7130.0  69
         7140.0  69
         7150.0  69
         7160.0  69
         7170.0  69
         7180.0  69
         7190.0  69
         7200.0  69
