 seconds_passed droidmate-run:com.antivirus
            0.0   0
           10.0   5
           20.0  13
           30.0  13
           40.0  13
           50.0  13
           60.0  13
           70.0  13
           80.0  13
           90.0  13
          100.0  13
          110.0  13
          120.0  13
          130.0  13
          140.0  13
          150.0  13
          160.0  13
          170.0  13
          180.0  13
          190.0  13
          200.0  13
          210.0  13
          220.0  13
          230.0  13
          240.0  13
          250.0  13
          260.0  13
          270.0  13
          280.0  13
          290.0  13
          300.0  13
          310.0  13
          320.0  13
          330.0  13
          340.0  13
          350.0  13
          360.0  13
          370.0  13
          380.0  13
          390.0  13
          400.0  13
          410.0  13
          420.0  13
          430.0  13
          440.0  13
          450.0  13
          460.0  13
          470.0  13
          480.0  13
          490.0  13
          500.0  13
          510.0  13
          520.0  13
          530.0  13
          540.0  13
          550.0  13
          560.0  13
          570.0  13
          580.0  13
          590.0  13
          600.0  13
          610.0  13
          620.0  13
          630.0  13
          640.0  13
          650.0  13
          660.0  13
          670.0  13
          680.0  13
          690.0  13
          700.0  13
          710.0  13
          720.0  13
          730.0  13
          740.0  13
          750.0  13
          760.0  13
          770.0  13
          780.0  13
          790.0  13
          800.0  13
          810.0  13
          820.0  13
          830.0  13
          840.0  13
          850.0  13
          860.0  13
          870.0  13
          880.0  13
          890.0  13
          900.0  13
          910.0  13
          920.0  13
          930.0  13
          940.0  13
          950.0  13
          960.0  13
          970.0  13
          980.0  13
          990.0  13
         1000.0  13
         1010.0  13
         1020.0  13
         1030.0  13
         1040.0  13
         1050.0  13
         1060.0  13
         1070.0  14
         1080.0  14
         1090.0  14
         1100.0  14
         1110.0  14
         1120.0  14
         1130.0  14
         1140.0  14
         1150.0  14
         1160.0  14
         1170.0  14
         1180.0  14
         1190.0  14
         1200.0  14
         1210.0  14
         1220.0  14
         1230.0  14
         1240.0  14
         1250.0  14
         1260.0  14
         1270.0  14
         1280.0  14
         1290.0  14
         1300.0  14
         1310.0  14
         1320.0  14
         1330.0  14
         1340.0  14
         1350.0  14
         1360.0  14
         1370.0  14
         1380.0  14
         1390.0  14
         1400.0  14
         1410.0  14
         1420.0  14
         1430.0  14
         1440.0  14
         1450.0  14
         1460.0  14
         1470.0  14
         1480.0  14
         1490.0  14
         1500.0  14
         1510.0  14
         1520.0  14
         1530.0  14
         1540.0  14
         1550.0  14
         1560.0  14
         1570.0  14
         1580.0  14
         1590.0  14
         1600.0  14
         1610.0  14
         1620.0  14
         1630.0  14
         1640.0  14
         1650.0  14
         1660.0  14
         1670.0  14
         1680.0  14
         1690.0  14
         1700.0  14
         1710.0  14
         1720.0  15
         1730.0  54
         1740.0  54
         1750.0  54
         1760.0  54
         1770.0  54
         1780.0  54
         1790.0  54
         1800.0  54
         1810.0  54
         1820.0  54
         1830.0  54
         1840.0  54
         1850.0  54
         1860.0  54
         1870.0  54
         1880.0  54
         1890.0  54
         1900.0  54
         1910.0  54
         1920.0  54
         1930.0  54
         1940.0  54
         1950.0  54
         1960.0  54
         1970.0  54
         1980.0  54
         1990.0  54
         2000.0  54
         2010.0  54
         2020.0  54
         2030.0  54
         2040.0  54
         2050.0  54
         2060.0  54
         2070.0  54
         2080.0  54
         2090.0  54
         2100.0  54
         2110.0  54
         2120.0  54
         2130.0  54
         2140.0  54
         2150.0  54
         2160.0  54
         2170.0  54
         2180.0  54
         2190.0  54
         2200.0  54
         2210.0  54
         2220.0  54
         2230.0  54
         2240.0  54
         2250.0  54
         2260.0  54
         2270.0  54
         2280.0  54
         2290.0  54
         2300.0  54
         2310.0  54
         2320.0  54
         2330.0  54
         2340.0  54
         2350.0  54
         2360.0  54
         2370.0  54
         2380.0  54
         2390.0  54
         2400.0  54
         2410.0  54
         2420.0  54
         2430.0  54
         2440.0  54
         2450.0  54
         2460.0  54
         2470.0  54
         2480.0  54
         2490.0  54
         2500.0  54
         2510.0  54
         2520.0  54
         2530.0  54
         2540.0  54
         2550.0  54
         2560.0  54
         2570.0  54
         2580.0  54
         2590.0  54
         2600.0  54
         2610.0  54
         2620.0  54
         2630.0  54
         2640.0  54
         2650.0  54
         2660.0  54
         2670.0  54
         2680.0  54
         2690.0  54
         2700.0  54
         2710.0  54
         2720.0  54
         2730.0  54
         2740.0  54
         2750.0  54
         2760.0  54
         2770.0  54
         2780.0  54
         2790.0  54
         2800.0  54
         2810.0  54
         2820.0  54
         2830.0  54
         2840.0  54
         2850.0  54
         2860.0  54
         2870.0  54
         2880.0  54
         2890.0  54
         2900.0  54
         2910.0  54
         2920.0  54
         2930.0  54
         2940.0  54
         2950.0  54
         2960.0  54
         2970.0  54
         2980.0  54
         2990.0  54
         3000.0  54
         3010.0  54
         3020.0  54
         3030.0  54
         3040.0  54
         3050.0  54
         3060.0  54
         3070.0  54
         3080.0  54
         3090.0  54
         3100.0  54
         3110.0  54
         3120.0  54
         3130.0  54
         3140.0  54
         3150.0  54
         3160.0  54
         3170.0  54
         3180.0  54
         3190.0  54
         3200.0  54
         3210.0  54
         3220.0  54
         3230.0  54
         3240.0  54
         3250.0  54
         3260.0  54
         3270.0  54
         3280.0  54
         3290.0  54
         3300.0  54
         3310.0  54
         3320.0  54
         3330.0  54
         3340.0  54
         3350.0  54
         3360.0  54
         3370.0  54
         3380.0  54
         3390.0  54
         3400.0  54
         3410.0  54
         3420.0  54
         3430.0  54
         3440.0  54
         3450.0  54
         3460.0  54
         3470.0  54
         3480.0  54
         3490.0  54
         3500.0  54
         3510.0  54
         3520.0  54
         3530.0  54
         3540.0  54
         3550.0  54
         3560.0  54
         3570.0  54
         3580.0  54
         3590.0  54
         3600.0  54
         3610.0  54
         3620.0  54
         3630.0  54
         3640.0  54
         3650.0  54
         3660.0  54
         3670.0  54
         3680.0  54
         3690.0  54
         3700.0  54
         3710.0  54
         3720.0  54
         3730.0  54
         3740.0  54
         3750.0  54
         3760.0  54
         3770.0  54
         3780.0  54
         3790.0  54
         3800.0  54
         3810.0  54
         3820.0  54
         3830.0  54
         3840.0  54
         3850.0  54
         3860.0  54
         3870.0  54
         3880.0  54
         3890.0  54
         3900.0  54
         3910.0  54
         3920.0  54
         3930.0  54
         3940.0  54
         3950.0  54
         3960.0  54
         3970.0  54
         3980.0  54
         3990.0  54
         4000.0  54
         4010.0  54
         4020.0  54
         4030.0  54
         4040.0  54
         4050.0  54
         4060.0  54
         4070.0  54
         4080.0  54
         4090.0  54
         4100.0  54
         4110.0  54
         4120.0  54
         4130.0  54
         4140.0  54
         4150.0  54
         4160.0  54
         4170.0  54
         4180.0  54
         4190.0  54
         4200.0  54
         4210.0  54
         4220.0  54
         4230.0  54
         4240.0  54
         4250.0  54
         4260.0  54
         4270.0  54
         4280.0  54
         4290.0  54
         4300.0  54
         4310.0  54
         4320.0  54
         4330.0  54
         4340.0  54
         4350.0  54
         4360.0  54
         4370.0  54
         4380.0  54
         4390.0  54
         4400.0  54
         4410.0  54
         4420.0  54
         4430.0  54
         4440.0  54
         4450.0  54
         4460.0  54
         4470.0  54
         4480.0  54
         4490.0  54
         4500.0  54
         4510.0  54
         4520.0  54
         4530.0  54
         4540.0  54
         4550.0  54
         4560.0  54
         4570.0  54
         4580.0  54
         4590.0  54
         4600.0  54
         4610.0  54
         4620.0  54
         4630.0  54
         4640.0  54
         4650.0  54
         4660.0  54
         4670.0  54
         4680.0  54
         4690.0  54
         4700.0  54
         4710.0  54
         4720.0  54
         4730.0  54
         4740.0  54
         4750.0  54
         4760.0  54
         4770.0  54
         4780.0  54
         4790.0  54
         4800.0  54
         4810.0  54
         4820.0  54
         4830.0  54
         4840.0  54
         4850.0  54
         4860.0  54
         4870.0  54
         4880.0  54
         4890.0  54
         4900.0  54
         4910.0  54
         4920.0  54
         4930.0  54
         4940.0  54
         4950.0  54
         4960.0  54
         4970.0  54
         4980.0  54
         4990.0  54
         5000.0  54
         5010.0  54
         5020.0  54
         5030.0  54
         5040.0  54
         5050.0  54
         5060.0  54
         5070.0  54
         5080.0  54
         5090.0  54
         5100.0  54
         5110.0  54
         5120.0  54
         5130.0  54
         5140.0  54
         5150.0  54
         5160.0  54
         5170.0  54
         5180.0  54
         5190.0  54
         5200.0  54
         5210.0  54
         5220.0  54
         5230.0  54
         5240.0  54
         5250.0  54
         5260.0  54
         5270.0  54
         5280.0  54
         5290.0  54
         5300.0  54
         5310.0  54
         5320.0  54
         5330.0  54
         5340.0  54
         5350.0  54
         5360.0  54
         5370.0  54
         5380.0  54
         5390.0  54
         5400.0  54
         5410.0  54
         5420.0  54
         5430.0  54
         5440.0  54
         5450.0  54
         5460.0  54
         5470.0  54
         5480.0  54
         5490.0  54
         5500.0  54
         5510.0  54
         5520.0  54
         5530.0  54
         5540.0  54
         5550.0  54
         5560.0  54
         5570.0  54
         5580.0  54
         5590.0  54
         5600.0  54
         5610.0  54
         5620.0  54
         5630.0  54
         5640.0  54
         5650.0  54
         5660.0  54
         5670.0  54
         5680.0  54
         5690.0  54
         5700.0  54
         5710.0  54
         5720.0  54
         5730.0  54
         5740.0  54
         5750.0  54
         5760.0  54
         5770.0  54
         5780.0  54
         5790.0  54
         5800.0  54
         5810.0  54
         5820.0  54
         5830.0  54
         5840.0  54
         5850.0  54
         5860.0  54
         5870.0  54
         5880.0  54
         5890.0  54
         5900.0  54
         5910.0  54
         5920.0  54
         5930.0  54
         5940.0  54
         5950.0  54
         5960.0  54
         5970.0  54
         5980.0  54
         5990.0  54
         6000.0  54
         6010.0  54
         6020.0  54
         6030.0  54
         6040.0  54
         6050.0  54
         6060.0  54
         6070.0  54
         6080.0  54
         6090.0  54
         6100.0  54
         6110.0  54
         6120.0  54
         6130.0  54
         6140.0  54
         6150.0  54
         6160.0  54
         6170.0  54
         6180.0  54
         6190.0  54
         6200.0  54
         6210.0  54
         6220.0  54
         6230.0  54
         6240.0  54
         6250.0  54
         6260.0  54
         6270.0  54
         6280.0  54
         6290.0  54
         6300.0  54
         6310.0  54
         6320.0  54
         6330.0  54
         6340.0  54
         6350.0  54
         6360.0  54
         6370.0  54
         6380.0  54
         6390.0  54
         6400.0  54
         6410.0  54
         6420.0  54
         6430.0  54
         6440.0  54
         6450.0  54
         6460.0  54
         6470.0  54
         6480.0  54
         6490.0  54
         6500.0  54
         6510.0  54
         6520.0  54
         6530.0  54
         6540.0  54
         6550.0  54
         6560.0  54
         6570.0  54
         6580.0  54
         6590.0  54
         6600.0  54
         6610.0  54
         6620.0  54
         6630.0  54
         6640.0  54
         6650.0  54
         6660.0  54
         6670.0  54
         6680.0  54
         6690.0  54
         6700.0  54
         6710.0  54
         6720.0  54
         6730.0  54
         6740.0  54
         6750.0  54
         6760.0  54
         6770.0  54
         6780.0  54
         6790.0  54
         6800.0  54
         6810.0  54
         6820.0  54
         6830.0  54
         6840.0  54
         6850.0  54
         6860.0  54
         6870.0  54
         6880.0  54
         6890.0  54
         6900.0  54
         6910.0  54
         6920.0  54
         6930.0  54
         6940.0  54
         6950.0  54
         6960.0  54
         6970.0  54
         6980.0  54
         6990.0  54
         7000.0  54
         7010.0  54
         7020.0  54
         7030.0  54
         7040.0  54
         7050.0  54
         7060.0  54
         7070.0  54
         7080.0  54
         7090.0  54
         7100.0  54
         7110.0  54
         7120.0  54
         7130.0  54
         7140.0  54
         7150.0  54
         7160.0  54
         7170.0  54
         7180.0  54
         7190.0  54
         7200.0  54
