 seconds_passed droidmate-run:com.estrongs.android.taskmanager
            0.0   0
           10.0   2
           20.0   2
           30.0   2
           40.0   2
           50.0   2
           60.0   2
           70.0   2
           80.0   3
           90.0   3
          100.0   3
          110.0   3
          120.0   3
          130.0   3
          140.0   3
          150.0   3
          160.0   3
          170.0   3
          180.0   3
          190.0   3
          200.0   3
          210.0   3
          220.0   3
          230.0   5
          240.0   5
          250.0   5
          260.0   5
          270.0   5
          280.0   5
          290.0   5
          300.0   5
          310.0   5
          320.0   5
          330.0   5
          340.0   5
          350.0   5
          360.0   5
          370.0   5
          380.0   5
          390.0   5
          400.0   5
          410.0   5
          420.0   5
          430.0   5
          440.0   5
          450.0   5
          460.0   5
          470.0   5
          480.0   5
          490.0   5
          500.0   5
          510.0   5
          520.0   5
          530.0   5
          540.0   5
          550.0   5
          560.0   5
          570.0   5
          580.0   5
          590.0   5
          600.0   5
          610.0   5
          620.0   5
          630.0   5
          640.0   5
          650.0   5
          660.0   5
          670.0   5
          680.0   5
          690.0   5
          700.0   5
          710.0   5
          720.0   5
          730.0   5
          740.0   5
          750.0   5
          760.0   5
          770.0   5
          780.0   5
          790.0   5
          800.0   5
          810.0   5
          820.0   5
          830.0   5
          840.0   5
          850.0   5
          860.0   5
          870.0   5
          880.0   5
          890.0   5
          900.0   5
          910.0   5
          920.0   5
          930.0   5
          940.0   5
          950.0   5
          960.0   5
          970.0   5
          980.0   5
          990.0   5
         1000.0   5
         1010.0   5
         1020.0   5
         1030.0   5
         1040.0   5
         1050.0   5
         1060.0   5
         1070.0   5
         1080.0   5
         1090.0   5
         1100.0   5
         1110.0   5
         1120.0   5
         1130.0   5
         1140.0   5
         1150.0   5
         1160.0   5
         1170.0   5
         1180.0   5
         1190.0   5
         1200.0   5
         1210.0   5
         1220.0   5
         1230.0   5
         1240.0   5
         1250.0   5
         1260.0   5
         1270.0   5
         1280.0   5
         1290.0   5
         1300.0   5
         1310.0   5
         1320.0   5
         1330.0   5
         1340.0   5
         1350.0   5
         1360.0   5
         1370.0   5
         1380.0   5
         1390.0   5
         1400.0   5
         1410.0   5
         1420.0   5
         1430.0   5
         1440.0   5
         1450.0   5
         1460.0   5
         1470.0   5
         1480.0   5
         1490.0   5
         1500.0   5
         1510.0   5
         1520.0   5
         1530.0   5
         1540.0   5
         1550.0   5
         1560.0   5
         1570.0   5
         1580.0   5
         1590.0   5
         1600.0   5
         1610.0   5
         1620.0   5
         1630.0   5
         1640.0   5
         1650.0   5
         1660.0   5
         1670.0   5
         1680.0   5
         1690.0   5
         1700.0   5
         1710.0   5
         1720.0   5
         1730.0   5
         1740.0   5
         1750.0   5
         1760.0   5
         1770.0   5
         1780.0   5
         1790.0   5
         1800.0   5
         1810.0   5
         1820.0   5
         1830.0   5
         1840.0   5
         1850.0   5
         1860.0   5
         1870.0   5
         1880.0   5
         1890.0   5
         1900.0   5
         1910.0   5
         1920.0   5
         1930.0   5
         1940.0   5
         1950.0   5
         1960.0   5
         1970.0   5
         1980.0   5
         1990.0   5
         2000.0   5
         2010.0   5
         2020.0   5
         2030.0   5
         2040.0   5
         2050.0   5
         2060.0   5
         2070.0   5
         2080.0   5
         2090.0   5
         2100.0   5
         2110.0   5
         2120.0   5
         2130.0   5
         2140.0   5
         2150.0   5
         2160.0   5
         2170.0   5
         2180.0   5
         2190.0   5
         2200.0   5
         2210.0   5
         2220.0   5
         2230.0   5
         2240.0   5
         2250.0   5
         2260.0   5
         2270.0   5
         2280.0   5
         2290.0   5
         2300.0   5
         2310.0   5
         2320.0   5
         2330.0   5
         2340.0   5
         2350.0   5
         2360.0   5
         2370.0   5
         2380.0   5
         2390.0   5
         2400.0   5
         2410.0   5
         2420.0   5
         2430.0   5
         2440.0   5
         2450.0   5
         2460.0   5
         2470.0   5
         2480.0   5
         2490.0   5
         2500.0   5
         2510.0   5
         2520.0   5
         2530.0   5
         2540.0   5
         2550.0   5
         2560.0   5
         2570.0   5
         2580.0   5
         2590.0   5
         2600.0   5
         2610.0   5
         2620.0   5
         2630.0   5
         2640.0   5
         2650.0   5
         2660.0   5
         2670.0   5
         2680.0   5
         2690.0   5
         2700.0   5
         2710.0   5
         2720.0   5
         2730.0   5
         2740.0   5
         2750.0   5
         2760.0   5
         2770.0   5
         2780.0   5
         2790.0   5
         2800.0   5
         2810.0   5
         2820.0   5
         2830.0   5
         2840.0   5
         2850.0   5
         2860.0   5
         2870.0   5
         2880.0   5
         2890.0   5
         2900.0   5
         2910.0   5
         2920.0   5
         2930.0   5
         2940.0   5
         2950.0   5
         2960.0   5
         2970.0   5
         2980.0   5
         2990.0   5
         3000.0   5
         3010.0   5
         3020.0   5
         3030.0   5
         3040.0   5
         3050.0   5
         3060.0   5
         3070.0   5
         3080.0   5
         3090.0   5
         3100.0   5
         3110.0   5
         3120.0   5
         3130.0   5
         3140.0   5
         3150.0   5
         3160.0   5
         3170.0   5
         3180.0   5
         3190.0   5
         3200.0   5
         3210.0   5
         3220.0   5
         3230.0   5
         3240.0   5
         3250.0   5
         3260.0   5
         3270.0   5
         3280.0   5
         3290.0   5
         3300.0   5
         3310.0   5
         3320.0   5
         3330.0   5
         3340.0   5
         3350.0   5
         3360.0   5
         3370.0   5
         3380.0   5
         3390.0   5
         3400.0   5
         3410.0   5
         3420.0   5
         3430.0   5
         3440.0   5
         3450.0   5
         3460.0   5
         3470.0   5
         3480.0   5
         3490.0   5
         3500.0   5
         3510.0   5
         3520.0   5
         3530.0   5
         3540.0   5
         3550.0   5
         3560.0   5
         3570.0   5
         3580.0   5
         3590.0   5
         3600.0   5
         3610.0   5
         3620.0   5
         3630.0   5
         3640.0   5
         3650.0   5
         3660.0   5
         3670.0   5
         3680.0   5
         3690.0   5
         3700.0   5
         3710.0   5
         3720.0   5
         3730.0   5
         3740.0   5
         3750.0   5
         3760.0   5
         3770.0   5
         3780.0   5
         3790.0   5
         3800.0   5
         3810.0   5
         3820.0   5
         3830.0   5
         3840.0   5
         3850.0   5
         3860.0   5
         3870.0   5
         3880.0   5
         3890.0   5
         3900.0   5
         3910.0   5
         3920.0   5
         3930.0   5
         3940.0   5
         3950.0   5
         3960.0   5
         3970.0   5
         3980.0   5
         3990.0   5
         4000.0   5
         4010.0   5
         4020.0   5
         4030.0   5
         4040.0   5
         4050.0   5
         4060.0   5
         4070.0   5
         4080.0   5
         4090.0   5
         4100.0   5
         4110.0   5
         4120.0   5
         4130.0   5
         4140.0   5
         4150.0   5
         4160.0   5
         4170.0   5
         4180.0   5
         4190.0   5
         4200.0   5
         4210.0   5
         4220.0   5
         4230.0   5
         4240.0   5
         4250.0   5
         4260.0   5
         4270.0   5
         4280.0   5
         4290.0   5
         4300.0   5
         4310.0   5
         4320.0   5
         4330.0   5
         4340.0   5
         4350.0   5
         4360.0   5
         4370.0   5
         4380.0   5
         4390.0   5
         4400.0   5
         4410.0   5
         4420.0   5
         4430.0   5
         4440.0   5
         4450.0   5
         4460.0   5
         4470.0   5
         4480.0   5
         4490.0   5
         4500.0   5
         4510.0   5
         4520.0   5
         4530.0   5
         4540.0   5
         4550.0   5
         4560.0   5
         4570.0   5
         4580.0   5
         4590.0   5
         4600.0   5
         4610.0   5
         4620.0   5
         4630.0   5
         4640.0   5
         4650.0   5
         4660.0   5
         4670.0   5
         4680.0   5
         4690.0   5
         4700.0   5
         4710.0   5
         4720.0   5
         4730.0   5
         4740.0   5
         4750.0   5
         4760.0   5
         4770.0   5
         4780.0   5
         4790.0   5
         4800.0   5
         4810.0   5
         4820.0   5
         4830.0   5
         4840.0   5
         4850.0   5
         4860.0   5
         4870.0   5
         4880.0   5
         4890.0   5
         4900.0   5
         4910.0   5
         4920.0   5
         4930.0   5
         4940.0   5
         4950.0   5
         4960.0   5
         4970.0   5
         4980.0   5
         4990.0   5
         5000.0   5
         5010.0   5
         5020.0   5
         5030.0   5
         5040.0   5
         5050.0   5
         5060.0   5
         5070.0   5
         5080.0   5
         5090.0   5
         5100.0   5
         5110.0   5
         5120.0   5
         5130.0   5
         5140.0   5
         5150.0   5
         5160.0   5
         5170.0   5
         5180.0   5
         5190.0   5
         5200.0   5
         5210.0   5
         5220.0   5
         5230.0   5
         5240.0   5
         5250.0   5
         5260.0   5
         5270.0   5
         5280.0   5
         5290.0   5
         5300.0   5
         5310.0   5
         5320.0   5
         5330.0   5
         5340.0   5
         5350.0   5
         5360.0   5
         5370.0   5
         5380.0   5
         5390.0   5
         5400.0   5
         5410.0   5
         5420.0   5
         5430.0   5
         5440.0   5
         5450.0   5
         5460.0   5
         5470.0   5
         5480.0   5
         5490.0   5
         5500.0   5
         5510.0   5
         5520.0   5
         5530.0   5
         5540.0   5
         5550.0   5
         5560.0   5
         5570.0   5
         5580.0   5
         5590.0   5
         5600.0   5
         5610.0   5
         5620.0   5
         5630.0   5
         5640.0   5
         5650.0   5
         5660.0   5
         5670.0   5
         5680.0   5
         5690.0   5
         5700.0   5
         5710.0   5
         5720.0   5
         5730.0   5
         5740.0   5
         5750.0   5
         5760.0   5
         5770.0   5
         5780.0   5
         5790.0   5
         5800.0   5
         5810.0   5
         5820.0   5
         5830.0   5
         5840.0   5
         5850.0   5
         5860.0   5
         5870.0   5
         5880.0   5
         5890.0   5
         5900.0   5
         5910.0   5
         5920.0   5
         5930.0   5
         5940.0   5
         5950.0   5
         5960.0   5
         5970.0   5
         5980.0   5
         5990.0   5
         6000.0   5
         6010.0   5
         6020.0   5
         6030.0   5
         6040.0   5
         6050.0   5
         6060.0   5
         6070.0   5
         6080.0   5
         6090.0   5
         6100.0   5
         6110.0   5
         6120.0   5
         6130.0   5
         6140.0   5
         6150.0   5
         6160.0   5
         6170.0   5
         6180.0   5
         6190.0   5
         6200.0   5
         6210.0   5
         6220.0   5
         6230.0   5
         6240.0   5
         6250.0   5
         6260.0   5
         6270.0   5
         6280.0   5
         6290.0   5
         6300.0   5
         6310.0   5
         6320.0   5
         6330.0   5
         6340.0   5
         6350.0   5
         6360.0   5
         6370.0   5
         6380.0   5
         6390.0   5
         6400.0   5
         6410.0   5
         6420.0   5
         6430.0   5
         6440.0   5
         6450.0   5
         6460.0   5
         6470.0   5
         6480.0   5
         6490.0   5
         6500.0   5
         6510.0   5
         6520.0   5
         6530.0   5
         6540.0   5
         6550.0   5
         6560.0   5
         6570.0   5
         6580.0   5
         6590.0   5
         6600.0   5
         6610.0   5
         6620.0   5
         6630.0   5
         6640.0   5
         6650.0   5
         6660.0   5
         6670.0   5
         6680.0   5
         6690.0   5
         6700.0   5
         6710.0   5
         6720.0   5
         6730.0   5
         6740.0   5
         6750.0   5
         6760.0   5
         6770.0   5
         6780.0   5
         6790.0   5
         6800.0   5
         6810.0   5
         6820.0   5
         6830.0   5
         6840.0   5
         6850.0   5
         6860.0   5
         6870.0   5
         6880.0   5
         6890.0   5
         6900.0   5
         6910.0   5
         6920.0   5
         6930.0   5
         6940.0   5
         6950.0   5
         6960.0   5
         6970.0   5
         6980.0   5
         6990.0   5
         7000.0   5
         7010.0   5
         7020.0   5
         7030.0   5
         7040.0   5
         7050.0   5
         7060.0   5
         7070.0   5
         7080.0   5
         7090.0   5
         7100.0   5
         7110.0   5
         7120.0   5
         7130.0   5
         7140.0   5
         7150.0   5
         7160.0   5
         7170.0   5
         7180.0   5
         7190.0   5
         7200.0   5
