 seconds_passed droidmate-run:de.barcoo.android
            0.0   0
           10.0   6
           20.0   7
           30.0   7
           40.0   7
           50.0   9
           60.0  10
           70.0  10
           80.0  10
           90.0  10
          100.0  10
          110.0  10
          120.0  10
          130.0  10
          140.0  10
          150.0  10
          160.0  10
          170.0  10
          180.0  10
          190.0  10
          200.0  10
          210.0  10
          220.0  10
          230.0  10
          240.0  10
          250.0  10
          260.0  10
          270.0  10
          280.0  10
          290.0  10
          300.0  10
          310.0  10
          320.0  10
          330.0  10
          340.0  10
          350.0  10
          360.0  10
          370.0  10
          380.0  10
          390.0  10
          400.0  10
          410.0  10
          420.0  10
          430.0  10
          440.0  10
          450.0  10
          460.0  10
          470.0  10
          480.0  10
          490.0  10
          500.0  10
          510.0  10
          520.0  10
          530.0  10
          540.0  10
          550.0  10
          560.0  10
          570.0  10
          580.0  10
          590.0  10
          600.0  10
          610.0  10
          620.0  10
          630.0  10
          640.0  10
          650.0  10
          660.0  10
          670.0  10
          680.0  10
          690.0  10
          700.0  10
          710.0  10
          720.0  10
          730.0  10
          740.0  10
          750.0  10
          760.0  10
          770.0  10
          780.0  10
          790.0  10
          800.0  10
          810.0  10
          820.0  10
          830.0  10
          840.0  10
          850.0  10
          860.0  10
          870.0  10
          880.0  10
          890.0  10
          900.0  10
          910.0  10
          920.0  10
          930.0  10
          940.0  10
          950.0  10
          960.0  10
          970.0  10
          980.0  10
          990.0  10
         1000.0  10
         1010.0  10
         1020.0  10
         1030.0  10
         1040.0  10
         1050.0  10
         1060.0  10
         1070.0  10
         1080.0  10
         1090.0  10
         1100.0  10
         1110.0  10
         1120.0  10
         1130.0  10
         1140.0  10
         1150.0  10
         1160.0  10
         1170.0  10
         1180.0  10
         1190.0  10
         1200.0  10
         1210.0  10
         1220.0  10
         1230.0  10
         1240.0  10
         1250.0  10
         1260.0  10
         1270.0  10
         1280.0  10
         1290.0  10
         1300.0  10
         1310.0  10
         1320.0  10
         1330.0  10
         1340.0  10
         1350.0  10
         1360.0  10
         1370.0  10
         1380.0  10
         1390.0  10
         1400.0  10
         1410.0  10
         1420.0  10
         1430.0  10
         1440.0  10
         1450.0  10
         1460.0  10
         1470.0  10
         1480.0  10
         1490.0  10
         1500.0  10
         1510.0  10
         1520.0  10
         1530.0  10
         1540.0  10
         1550.0  10
         1560.0  10
         1570.0  10
         1580.0  10
         1590.0  10
         1600.0  10
         1610.0  10
         1620.0  10
         1630.0  10
         1640.0  10
         1650.0  10
         1660.0  10
         1670.0  10
         1680.0  10
         1690.0  10
         1700.0  10
         1710.0  10
         1720.0  10
         1730.0  10
         1740.0  10
         1750.0  10
         1760.0  10
         1770.0  10
         1780.0  10
         1790.0  10
         1800.0  10
         1810.0  10
         1820.0  10
         1830.0  10
         1840.0  10
         1850.0  10
         1860.0  10
         1870.0  10
         1880.0  10
         1890.0  10
         1900.0  10
         1910.0  10
         1920.0  10
         1930.0  10
         1940.0  10
         1950.0  10
         1960.0  10
         1970.0  10
         1980.0  10
         1990.0  10
         2000.0  10
         2010.0  10
         2020.0  10
         2030.0  10
         2040.0  10
         2050.0  10
         2060.0  10
         2070.0  10
         2080.0  10
         2090.0  10
         2100.0  10
         2110.0  10
         2120.0  10
         2130.0  10
         2140.0  10
         2150.0  10
         2160.0  10
         2170.0  10
         2180.0  10
         2190.0  10
         2200.0  10
         2210.0  10
         2220.0  10
         2230.0  10
         2240.0  10
         2250.0  10
         2260.0  10
         2270.0  10
         2280.0  10
         2290.0  10
         2300.0  10
         2310.0  10
         2320.0  10
         2330.0  10
         2340.0  10
         2350.0  10
         2360.0  10
         2370.0  10
         2380.0  10
         2390.0  10
         2400.0  10
         2410.0  10
         2420.0  10
         2430.0  10
         2440.0  10
         2450.0  10
         2460.0  10
         2470.0  10
         2480.0  10
         2490.0  10
         2500.0  10
         2510.0  10
         2520.0  10
         2530.0  10
         2540.0  10
         2550.0  10
         2560.0  10
         2570.0  10
         2580.0  10
         2590.0  10
         2600.0  10
         2610.0  10
         2620.0  10
         2630.0  10
         2640.0  10
         2650.0  10
         2660.0  10
         2670.0  10
         2680.0  10
         2690.0  10
         2700.0  10
         2710.0  10
         2720.0  10
         2730.0  10
         2740.0  10
         2750.0  10
         2760.0  10
         2770.0  10
         2780.0  10
         2790.0  10
         2800.0  10
         2810.0  10
         2820.0  10
         2830.0  10
         2840.0  10
         2850.0  10
         2860.0  10
         2870.0  10
         2880.0  10
         2890.0  10
         2900.0  10
         2910.0  10
         2920.0  10
         2930.0  10
         2940.0  10
         2950.0  10
         2960.0  10
         2970.0  10
         2980.0  10
         2990.0  10
         3000.0  10
         3010.0  10
         3020.0  10
         3030.0  10
         3040.0  10
         3050.0  10
         3060.0  10
         3070.0  10
         3080.0  10
         3090.0  10
         3100.0  10
         3110.0  10
         3120.0  10
         3130.0  10
         3140.0  10
         3150.0  10
         3160.0  10
         3170.0  10
         3180.0  10
         3190.0  10
         3200.0  10
         3210.0  10
         3220.0  10
         3230.0  10
         3240.0  10
         3250.0  10
         3260.0  10
         3270.0  10
         3280.0  10
         3290.0  10
         3300.0  10
         3310.0  10
         3320.0  10
         3330.0  10
         3340.0  10
         3350.0  10
         3360.0  10
         3370.0  10
         3380.0  10
         3390.0  10
         3400.0  10
         3410.0  10
         3420.0  10
         3430.0  10
         3440.0  10
         3450.0  10
         3460.0  10
         3470.0  10
         3480.0  10
         3490.0  10
         3500.0  10
         3510.0  10
         3520.0  10
         3530.0  10
         3540.0  10
         3550.0  10
         3560.0  10
         3570.0  10
         3580.0  10
         3590.0  10
         3600.0  10
         3610.0  10
         3620.0  10
         3630.0  10
         3640.0  10
         3650.0  10
         3660.0  10
         3670.0  10
         3680.0  10
         3690.0  10
         3700.0  10
         3710.0  10
         3720.0  10
         3730.0  10
         3740.0  10
         3750.0  10
         3760.0  10
         3770.0  10
         3780.0  10
         3790.0  10
         3800.0  10
         3810.0  10
         3820.0  10
         3830.0  10
         3840.0  10
         3850.0  10
         3860.0  10
         3870.0  10
         3880.0  10
         3890.0  10
         3900.0  10
         3910.0  10
         3920.0  10
         3930.0  10
         3940.0  10
         3950.0  10
         3960.0  10
         3970.0  10
         3980.0  10
         3990.0  10
         4000.0  10
         4010.0  10
         4020.0  10
         4030.0  10
         4040.0  10
         4050.0  10
         4060.0  10
         4070.0  10
         4080.0  10
         4090.0  10
         4100.0  10
         4110.0  10
         4120.0  10
         4130.0  10
         4140.0  10
         4150.0  10
         4160.0  10
         4170.0  10
         4180.0  10
         4190.0  10
         4200.0  10
         4210.0  10
         4220.0  10
         4230.0  10
         4240.0  10
         4250.0  10
         4260.0  10
         4270.0  10
         4280.0  10
         4290.0  10
         4300.0  10
         4310.0  10
         4320.0  10
         4330.0  10
         4340.0  10
         4350.0  10
         4360.0  10
         4370.0  10
         4380.0  10
         4390.0  10
         4400.0  10
         4410.0  10
         4420.0  10
         4430.0  10
         4440.0  10
         4450.0  10
         4460.0  10
         4470.0  10
         4480.0  10
         4490.0  10
         4500.0  10
         4510.0  10
         4520.0  10
         4530.0  10
         4540.0  10
         4550.0  10
         4560.0  10
         4570.0  10
         4580.0  10
         4590.0  10
         4600.0  10
         4610.0  10
         4620.0  10
         4630.0  10
         4640.0  10
         4650.0  10
         4660.0  10
         4670.0  10
         4680.0  10
         4690.0  10
         4700.0  10
         4710.0  10
         4720.0  10
         4730.0  10
         4740.0  10
         4750.0  10
         4760.0  10
         4770.0  10
         4780.0  10
         4790.0  10
         4800.0  10
         4810.0  10
         4820.0  10
         4830.0  10
         4840.0  10
         4850.0  10
         4860.0  10
         4870.0  10
         4880.0  10
         4890.0  10
         4900.0  10
         4910.0  10
         4920.0  10
         4930.0  10
         4940.0  10
         4950.0  10
         4960.0  10
         4970.0  10
         4980.0  10
         4990.0  10
         5000.0  10
         5010.0  10
         5020.0  10
         5030.0  10
         5040.0  10
         5050.0  10
         5060.0  10
         5070.0  10
         5080.0  10
         5090.0  10
         5100.0  10
         5110.0  10
         5120.0  10
         5130.0  10
         5140.0  10
         5150.0  10
         5160.0  10
         5170.0  10
         5180.0  10
         5190.0  10
         5200.0  10
         5210.0  10
         5220.0  10
         5230.0  10
         5240.0  10
         5250.0  10
         5260.0  10
         5270.0  10
         5280.0  10
         5290.0  10
         5300.0  10
         5310.0  10
         5320.0  10
         5330.0  10
         5340.0  10
         5350.0  10
         5360.0  10
         5370.0  10
         5380.0  10
         5390.0  10
         5400.0  10
         5410.0  10
         5420.0  10
         5430.0  10
         5440.0  10
         5450.0  10
         5460.0  10
         5470.0  10
         5480.0  10
         5490.0  10
         5500.0  10
         5510.0  10
         5520.0  10
         5530.0  10
         5540.0  10
         5550.0  10
         5560.0  10
         5570.0  10
         5580.0  10
         5590.0  10
         5600.0  10
         5610.0  10
         5620.0  10
         5630.0  10
         5640.0  10
         5650.0  10
         5660.0  10
         5670.0  10
         5680.0  10
         5690.0  10
         5700.0  10
         5710.0  10
         5720.0  10
         5730.0  10
         5740.0  10
         5750.0  10
         5760.0  10
         5770.0  10
         5780.0  10
         5790.0  10
         5800.0  10
         5810.0  10
         5820.0  10
         5830.0  10
         5840.0  10
         5850.0  10
         5860.0  10
         5870.0  10
         5880.0  10
         5890.0  10
         5900.0  10
         5910.0  10
         5920.0  10
         5930.0  10
         5940.0  10
         5950.0  10
         5960.0  10
         5970.0  10
         5980.0  10
         5990.0  10
         6000.0  10
         6010.0  10
         6020.0  10
         6030.0  10
         6040.0  10
         6050.0  10
         6060.0  10
         6070.0  10
         6080.0  10
         6090.0  10
         6100.0  10
         6110.0  10
         6120.0  10
         6130.0  10
         6140.0  10
         6150.0  10
         6160.0  10
         6170.0  10
         6180.0  10
         6190.0  10
         6200.0  10
         6210.0  10
         6220.0  10
         6230.0  10
         6240.0  10
         6250.0  10
         6260.0  10
         6270.0  10
         6280.0  10
         6290.0  10
         6300.0  10
         6310.0  10
         6320.0  10
         6330.0  10
         6340.0  10
         6350.0  10
         6360.0  10
         6370.0  10
         6380.0  10
         6390.0  10
         6400.0  10
         6410.0  10
         6420.0  10
         6430.0  10
         6440.0  10
         6450.0  10
         6460.0  10
         6470.0  10
         6480.0  10
         6490.0  10
         6500.0  10
         6510.0  10
         6520.0  10
         6530.0  10
         6540.0  10
         6550.0  10
         6560.0  10
         6570.0  10
         6580.0  10
         6590.0  10
         6600.0  10
         6610.0  10
         6620.0  10
         6630.0  10
         6640.0  10
         6650.0  10
         6660.0  10
         6670.0  10
         6680.0  10
         6690.0  10
         6700.0  10
         6710.0  10
         6720.0  10
         6730.0  10
         6740.0  10
         6750.0  10
         6760.0  10
         6770.0  10
         6780.0  10
         6790.0  10
         6800.0  10
         6810.0  10
         6820.0  10
         6830.0  10
         6840.0  10
         6850.0  10
         6860.0  10
         6870.0  10
         6880.0  10
         6890.0  10
         6900.0  10
         6910.0  10
         6920.0  10
         6930.0  10
         6940.0  10
         6950.0  10
         6960.0  10
         6970.0  10
         6980.0  10
         6990.0  10
         7000.0  10
         7010.0  10
         7020.0  10
         7030.0  10
         7040.0  10
         7050.0  10
         7060.0  10
         7070.0  10
         7080.0  10
         7090.0  10
         7100.0  10
         7110.0  10
         7120.0  10
         7130.0  10
         7140.0  10
         7150.0  10
         7160.0  10
         7170.0  10
         7180.0  10
         7190.0  10
         7200.0  10
