 seconds_passed droidmate-run:com.cleanmaster.security
            0.0   0
           10.0   5
           20.0   7
           30.0   9
           40.0  10
           50.0  10
           60.0  12
           70.0  12
           80.0  12
           90.0  12
          100.0  12
          110.0  12
          120.0  12
          130.0  12
          140.0  12
          150.0  12
          160.0  12
          170.0  12
          180.0  12
          190.0  12
          200.0  12
          210.0  12
          220.0  12
          230.0  12
          240.0  12
          250.0  12
          260.0  12
          270.0  12
          280.0  12
          290.0  12
          300.0  12
          310.0  12
          320.0  12
          330.0  12
          340.0  12
          350.0  12
          360.0  12
          370.0  12
          380.0  12
          390.0  12
          400.0  12
          410.0  12
          420.0  12
          430.0  12
          440.0  12
          450.0  12
          460.0  12
          470.0  12
          480.0  12
          490.0  12
          500.0  12
          510.0  12
          520.0  12
          530.0  12
          540.0  12
          550.0  12
          560.0  12
          570.0  12
          580.0  12
          590.0  12
          600.0  12
          610.0  12
          620.0  12
          630.0  12
          640.0  12
          650.0  12
          660.0  12
          670.0  12
          680.0  12
          690.0  12
          700.0  12
          710.0  12
          720.0  12
          730.0  12
          740.0  12
          750.0  12
          760.0  12
          770.0  12
          780.0  12
          790.0  12
          800.0  12
          810.0  12
          820.0  12
          830.0  12
          840.0  12
          850.0  12
          860.0  12
          870.0  12
          880.0  12
          890.0  12
          900.0  12
          910.0  12
          920.0  12
          930.0  12
          940.0  12
          950.0  12
          960.0  12
          970.0  12
          980.0  12
          990.0  12
         1000.0  12
         1010.0  12
         1020.0  12
         1030.0  12
         1040.0  12
         1050.0  12
         1060.0  12
         1070.0  12
         1080.0  12
         1090.0  12
         1100.0  12
         1110.0  12
         1120.0  12
         1130.0  12
         1140.0  12
         1150.0  12
         1160.0  12
         1170.0  12
         1180.0  12
         1190.0  12
         1200.0  12
         1210.0  12
         1220.0  12
         1230.0  12
         1240.0  12
         1250.0  12
         1260.0  12
         1270.0  12
         1280.0  12
         1290.0  12
         1300.0  12
         1310.0  12
         1320.0  12
         1330.0  12
         1340.0  12
         1350.0  12
         1360.0  12
         1370.0  12
         1380.0  12
         1390.0  12
         1400.0  12
         1410.0  12
         1420.0  12
         1430.0  12
         1440.0  12
         1450.0  12
         1460.0  12
         1470.0  12
         1480.0  12
         1490.0  12
         1500.0  12
         1510.0  12
         1520.0  12
         1530.0  12
         1540.0  12
         1550.0  12
         1560.0  12
         1570.0  12
         1580.0  12
         1590.0  12
         1600.0  12
         1610.0  12
         1620.0  12
         1630.0  12
         1640.0  12
         1650.0  12
         1660.0  12
         1670.0  12
         1680.0  12
         1690.0  12
         1700.0  12
         1710.0  12
         1720.0  12
         1730.0  12
         1740.0  12
         1750.0  12
         1760.0  12
         1770.0  12
         1780.0  12
         1790.0  12
         1800.0  12
         1810.0  12
         1820.0  12
         1830.0  12
         1840.0  12
         1850.0  12
         1860.0  12
         1870.0  12
         1880.0  12
         1890.0  12
         1900.0  12
         1910.0  12
         1920.0  12
         1930.0  12
         1940.0  12
         1950.0  12
         1960.0  12
         1970.0  12
         1980.0  12
         1990.0  12
         2000.0  12
         2010.0  12
         2020.0  12
         2030.0  12
         2040.0  12
         2050.0  12
         2060.0  12
         2070.0  12
         2080.0  12
         2090.0  12
         2100.0  12
         2110.0  12
         2120.0  12
         2130.0  12
         2140.0  12
         2150.0  12
         2160.0  12
         2170.0  12
         2180.0  12
         2190.0  12
         2200.0  12
         2210.0  12
         2220.0  12
         2230.0  12
         2240.0  12
         2250.0  12
         2260.0  12
         2270.0  12
         2280.0  12
         2290.0  12
         2300.0  12
         2310.0  12
         2320.0  12
         2330.0  12
         2340.0  12
         2350.0  12
         2360.0  12
         2370.0  12
         2380.0  12
         2390.0  12
         2400.0  12
         2410.0  12
         2420.0  12
         2430.0  12
         2440.0  12
         2450.0  12
         2460.0  12
         2470.0  12
         2480.0  12
         2490.0  12
         2500.0  12
         2510.0  12
         2520.0  12
         2530.0  12
         2540.0  12
         2550.0  12
         2560.0  12
         2570.0  12
         2580.0  12
         2590.0  12
         2600.0  12
         2610.0  12
         2620.0  12
         2630.0  12
         2640.0  12
         2650.0  12
         2660.0  12
         2670.0  12
         2680.0  12
         2690.0  12
         2700.0  12
         2710.0  12
         2720.0  12
         2730.0  12
         2740.0  12
         2750.0  12
         2760.0  12
         2770.0  12
         2780.0  12
         2790.0  12
         2800.0  12
         2810.0  12
         2820.0  12
         2830.0  12
         2840.0  12
         2850.0  12
         2860.0  12
         2870.0  12
         2880.0  12
         2890.0  12
         2900.0  12
         2910.0  12
         2920.0  12
         2930.0  12
         2940.0  12
         2950.0  12
         2960.0  12
         2970.0  12
         2980.0  12
         2990.0  12
         3000.0  12
         3010.0  12
         3020.0  12
         3030.0  12
         3040.0  12
         3050.0  12
         3060.0  12
         3070.0  12
         3080.0  12
         3090.0  12
         3100.0  12
         3110.0  12
         3120.0  12
         3130.0  12
         3140.0  12
         3150.0  12
         3160.0  12
         3170.0  12
         3180.0  12
         3190.0  12
         3200.0  12
         3210.0  12
         3220.0  12
         3230.0  12
         3240.0  12
         3250.0  12
         3260.0  12
         3270.0  12
         3280.0  12
         3290.0  12
         3300.0  12
         3310.0  12
         3320.0  12
         3330.0  12
         3340.0  12
         3350.0  12
         3360.0  12
         3370.0  12
         3380.0  12
         3390.0  12
         3400.0  12
         3410.0  12
         3420.0  12
         3430.0  12
         3440.0  12
         3450.0  12
         3460.0  12
         3470.0  12
         3480.0  12
         3490.0  12
         3500.0  12
         3510.0  12
         3520.0  12
         3530.0  12
         3540.0  12
         3550.0  12
         3560.0  12
         3570.0  12
         3580.0  12
         3590.0  12
         3600.0  12
         3610.0  12
         3620.0  12
         3630.0  12
         3640.0  12
         3650.0  12
         3660.0  12
         3670.0  12
         3680.0  12
         3690.0  12
         3700.0  12
         3710.0  12
         3720.0  12
         3730.0  12
         3740.0  12
         3750.0  12
         3760.0  12
         3770.0  12
         3780.0  12
         3790.0  12
         3800.0  12
         3810.0  12
         3820.0  12
         3830.0  12
         3840.0  12
         3850.0  12
         3860.0  12
         3870.0  12
         3880.0  12
         3890.0  12
         3900.0  12
         3910.0  12
         3920.0  12
         3930.0  12
         3940.0  12
         3950.0  12
         3960.0  12
         3970.0  12
         3980.0  12
         3990.0  12
         4000.0  12
         4010.0  12
         4020.0  12
         4030.0  12
         4040.0  12
         4050.0  12
         4060.0  12
         4070.0  12
         4080.0  12
         4090.0  12
         4100.0  12
         4110.0  12
         4120.0  12
         4130.0  12
         4140.0  12
         4150.0  12
         4160.0  12
         4170.0  12
         4180.0  12
         4190.0  12
         4200.0  12
         4210.0  12
         4220.0  12
         4230.0  12
         4240.0  12
         4250.0  12
         4260.0  12
         4270.0  12
         4280.0  12
         4290.0  12
         4300.0  12
         4310.0  12
         4320.0  12
         4330.0  12
         4340.0  12
         4350.0  12
         4360.0  12
         4370.0  12
         4380.0  12
         4390.0  12
         4400.0  13
         4410.0  13
         4420.0  13
         4430.0  13
         4440.0  13
         4450.0  13
         4460.0  13
         4470.0  13
         4480.0  13
         4490.0  13
         4500.0  13
         4510.0  13
         4520.0  13
         4530.0  13
         4540.0  13
         4550.0  13
         4560.0  13
         4570.0  13
         4580.0  13
         4590.0  13
         4600.0  13
         4610.0  13
         4620.0  13
         4630.0  13
         4640.0  13
         4650.0  13
         4660.0  13
         4670.0  13
         4680.0  13
         4690.0  13
         4700.0  13
         4710.0  13
         4720.0  13
         4730.0  13
         4740.0  13
         4750.0  13
         4760.0  13
         4770.0  13
         4780.0  13
         4790.0  13
         4800.0  13
         4810.0  13
         4820.0  13
         4830.0  13
         4840.0  13
         4850.0  13
         4860.0  13
         4870.0  13
         4880.0  13
         4890.0  13
         4900.0  13
         4910.0  13
         4920.0  13
         4930.0  13
         4940.0  13
         4950.0  13
         4960.0  13
         4970.0  13
         4980.0  13
         4990.0  13
         5000.0  13
         5010.0  13
         5020.0  13
         5030.0  13
         5040.0  13
         5050.0  13
         5060.0  13
         5070.0  13
         5080.0  13
         5090.0  13
         5100.0  13
         5110.0  13
         5120.0  13
         5130.0  13
         5140.0  13
         5150.0  13
         5160.0  13
         5170.0  13
         5180.0  13
         5190.0  13
         5200.0  13
         5210.0  13
         5220.0  13
         5230.0  13
         5240.0  13
         5250.0  13
         5260.0  13
         5270.0  13
         5280.0  13
         5290.0  13
         5300.0  13
         5310.0  13
         5320.0  13
         5330.0  13
         5340.0  13
         5350.0  13
         5360.0  13
         5370.0  13
         5380.0  13
         5390.0  13
         5400.0  13
         5410.0  13
         5420.0  13
         5430.0  13
         5440.0  13
         5450.0  13
         5460.0  13
         5470.0  13
         5480.0  13
         5490.0  13
         5500.0  13
         5510.0  13
         5520.0  13
         5530.0  13
         5540.0  13
         5550.0  13
         5560.0  13
         5570.0  13
         5580.0  13
         5590.0  13
         5600.0  13
         5610.0  13
         5620.0  13
         5630.0  13
         5640.0  13
         5650.0  13
         5660.0  13
         5670.0  13
         5680.0  13
         5690.0  13
         5700.0  13
         5710.0  13
         5720.0  13
         5730.0  13
         5740.0  13
         5750.0  13
         5760.0  13
         5770.0  13
         5780.0  13
         5790.0  13
         5800.0  13
         5810.0  13
         5820.0  13
         5830.0  13
         5840.0  13
         5850.0  13
         5860.0  13
         5870.0  13
         5880.0  13
         5890.0  13
         5900.0  13
         5910.0  13
         5920.0  13
         5930.0  13
         5940.0  13
         5950.0  13
         5960.0  13
         5970.0  13
         5980.0  13
         5990.0  13
         6000.0  13
         6010.0  13
         6020.0  13
         6030.0  13
         6040.0  13
         6050.0  13
         6060.0  13
         6070.0  13
         6080.0  13
         6090.0  13
         6100.0  13
         6110.0  13
         6120.0  13
         6130.0  13
         6140.0  13
         6150.0  13
         6160.0  13
         6170.0  13
         6180.0  13
         6190.0  13
         6200.0  13
         6210.0  13
         6220.0  13
         6230.0  13
         6240.0  13
         6250.0  13
         6260.0  13
         6270.0  13
         6280.0  13
         6290.0  13
         6300.0  13
         6310.0  13
         6320.0  13
         6330.0  13
         6340.0  13
         6350.0  13
         6360.0  13
         6370.0  13
         6380.0  13
         6390.0  13
         6400.0  13
         6410.0  13
         6420.0  13
         6430.0  13
         6440.0  13
         6450.0  13
         6460.0  13
         6470.0  13
         6480.0  13
         6490.0  13
         6500.0  13
         6510.0  13
         6520.0  13
         6530.0  13
         6540.0  13
         6550.0  13
         6560.0  13
         6570.0  13
         6580.0  13
         6590.0  13
         6600.0  13
         6610.0  13
         6620.0  13
         6630.0  13
         6640.0  13
         6650.0  13
         6660.0  13
         6670.0  13
         6680.0  13
         6690.0  13
         6700.0  13
         6710.0  13
         6720.0  13
         6730.0  13
         6740.0  13
         6750.0  13
         6760.0  13
         6770.0  13
         6780.0  13
         6790.0  13
         6800.0  13
         6810.0  13
         6820.0  13
         6830.0  13
         6840.0  13
         6850.0  13
         6860.0  13
         6870.0  13
         6880.0  13
         6890.0  13
         6900.0  13
         6910.0  13
         6920.0  13
         6930.0  13
         6940.0  13
         6950.0  13
         6960.0  13
         6970.0  13
         6980.0  13
         6990.0  13
         7000.0  13
         7010.0  13
         7020.0  13
         7030.0  13
         7040.0  13
         7050.0  13
         7060.0  13
         7070.0  13
         7080.0  13
         7090.0  13
         7100.0  13
         7110.0  13
         7120.0  13
         7130.0  13
         7140.0  13
         7150.0  13
         7160.0  13
         7170.0  13
         7180.0  13
         7190.0  13
         7200.0  13
