 seconds_passed droidmate-run:org.mozilla.firefox
            0.0   0
           10.0   8
           20.0   9
           30.0   9
           40.0   9
           50.0   9
           60.0   9
           70.0   9
           80.0   9
           90.0   9
          100.0   9
          110.0   9
          120.0   9
          130.0   9
          140.0   9
          150.0   9
          160.0   9
          170.0   9
          180.0  10
          190.0  10
          200.0  10
          210.0  10
          220.0  10
          230.0  11
          240.0  11
          250.0  11
          260.0  14
          270.0  14
          280.0  14
          290.0  14
          300.0  14
          310.0  14
          320.0  14
          330.0  14
          340.0  14
          350.0  14
          360.0  14
          370.0  14
          380.0  14
          390.0  14
          400.0  14
          410.0  14
          420.0  14
          430.0  14
          440.0  14
          450.0  14
          460.0  14
          470.0  14
          480.0  14
          490.0  14
          500.0  14
          510.0  14
          520.0  14
          530.0  14
          540.0  14
          550.0  14
          560.0  14
          570.0  14
          580.0  14
          590.0  14
          600.0  14
          610.0  14
          620.0  14
          630.0  14
          640.0  14
          650.0  14
          660.0  14
          670.0  14
          680.0  14
          690.0  14
          700.0  14
          710.0  14
          720.0  14
          730.0  14
          740.0  14
          750.0  14
          760.0  14
          770.0  14
          780.0  14
          790.0  14
          800.0  14
          810.0  14
          820.0  14
          830.0  14
          840.0  14
          850.0  14
          860.0  14
          870.0  14
          880.0  14
          890.0  14
          900.0  14
          910.0  14
          920.0  14
          930.0  14
          940.0  14
          950.0  14
          960.0  14
          970.0  14
          980.0  14
          990.0  14
         1000.0  14
         1010.0  14
         1020.0  14
         1030.0  15
         1040.0  15
         1050.0  15
         1060.0  15
         1070.0  15
         1080.0  15
         1090.0  15
         1100.0  15
         1110.0  15
         1120.0  15
         1130.0  15
         1140.0  15
         1150.0  15
         1160.0  15
         1170.0  15
         1180.0  15
         1190.0  15
         1200.0  15
         1210.0  15
         1220.0  15
         1230.0  15
         1240.0  15
         1250.0  15
         1260.0  15
         1270.0  15
         1280.0  15
         1290.0  15
         1300.0  15
         1310.0  15
         1320.0  15
         1330.0  15
         1340.0  16
         1350.0  16
         1360.0  16
         1370.0  16
         1380.0  16
         1390.0  16
         1400.0  16
         1410.0  16
         1420.0  16
         1430.0  16
         1440.0  16
         1450.0  16
         1460.0  16
         1470.0  16
         1480.0  16
         1490.0  16
         1500.0  16
         1510.0  16
         1520.0  16
         1530.0  16
         1540.0  16
         1550.0  16
         1560.0  16
         1570.0  16
         1580.0  16
         1590.0  16
         1600.0  16
         1610.0  16
         1620.0  16
         1630.0  16
         1640.0  16
         1650.0  16
         1660.0  16
         1670.0  16
         1680.0  16
         1690.0  16
         1700.0  16
         1710.0  16
         1720.0  16
         1730.0  16
         1740.0  16
         1750.0  16
         1760.0  16
         1770.0  16
         1780.0  16
         1790.0  16
         1800.0  16
         1810.0  16
         1820.0  16
         1830.0  16
         1840.0  16
         1850.0  16
         1860.0  16
         1870.0  16
         1880.0  16
         1890.0  16
         1900.0  16
         1910.0  16
         1920.0  16
         1930.0  16
         1940.0  16
         1950.0  16
         1960.0  16
         1970.0  16
         1980.0  16
         1990.0  16
         2000.0  16
         2010.0  16
         2020.0  16
         2030.0  16
         2040.0  16
         2050.0  16
         2060.0  16
         2070.0  16
         2080.0  16
         2090.0  16
         2100.0  16
         2110.0  16
         2120.0  16
         2130.0  16
         2140.0  16
         2150.0  16
         2160.0  16
         2170.0  16
         2180.0  16
         2190.0  16
         2200.0  16
         2210.0  16
         2220.0  16
         2230.0  16
         2240.0  16
         2250.0  16
         2260.0  16
         2270.0  16
         2280.0  16
         2290.0  16
         2300.0  16
         2310.0  16
         2320.0  16
         2330.0  16
         2340.0  16
         2350.0  16
         2360.0  16
         2370.0  16
         2380.0  16
         2390.0  16
         2400.0  16
         2410.0  16
         2420.0  16
         2430.0  16
         2440.0  16
         2450.0  16
         2460.0  16
         2470.0  16
         2480.0  16
         2490.0  16
         2500.0  16
         2510.0  16
         2520.0  16
         2530.0  16
         2540.0  16
         2550.0  16
         2560.0  16
         2570.0  16
         2580.0  16
         2590.0  16
         2600.0  16
         2610.0  16
         2620.0  16
         2630.0  16
         2640.0  16
         2650.0  16
         2660.0  16
         2670.0  16
         2680.0  16
         2690.0  16
         2700.0  16
         2710.0  16
         2720.0  16
         2730.0  16
         2740.0  16
         2750.0  16
         2760.0  16
         2770.0  16
         2780.0  16
         2790.0  16
         2800.0  16
         2810.0  16
         2820.0  16
         2830.0  16
         2840.0  16
         2850.0  16
         2860.0  16
         2870.0  16
         2880.0  16
         2890.0  16
         2900.0  16
         2910.0  16
         2920.0  16
         2930.0  16
         2940.0  16
         2950.0  16
         2960.0  16
         2970.0  16
         2980.0  16
         2990.0  16
         3000.0  16
         3010.0  16
         3020.0  16
         3030.0  16
         3040.0  16
         3050.0  16
         3060.0  16
         3070.0  16
         3080.0  16
         3090.0  16
         3100.0  16
         3110.0  16
         3120.0  16
         3130.0  16
         3140.0  16
         3150.0  16
         3160.0  16
         3170.0  16
         3180.0  16
         3190.0  16
         3200.0  16
         3210.0  16
         3220.0  16
         3230.0  16
         3240.0  16
         3250.0  16
         3260.0  16
         3270.0  16
         3280.0  16
         3290.0  16
         3300.0  16
         3310.0  16
         3320.0  16
         3330.0  16
         3340.0  16
         3350.0  16
         3360.0  16
         3370.0  16
         3380.0  16
         3390.0  16
         3400.0  16
         3410.0  16
         3420.0  16
         3430.0  16
         3440.0  16
         3450.0  16
         3460.0  16
         3470.0  16
         3480.0  16
         3490.0  16
         3500.0  16
         3510.0  16
         3520.0  16
         3530.0  16
         3540.0  16
         3550.0  16
         3560.0  16
         3570.0  16
         3580.0  16
         3590.0  16
         3600.0  16
         3610.0  16
         3620.0  16
         3630.0  16
         3640.0  16
         3650.0  16
         3660.0  16
         3670.0  16
         3680.0  16
         3690.0  16
         3700.0  16
         3710.0  16
         3720.0  16
         3730.0  16
         3740.0  16
         3750.0  16
         3760.0  16
         3770.0  16
         3780.0  16
         3790.0  16
         3800.0  16
         3810.0  16
         3820.0  16
         3830.0  16
         3840.0  16
         3850.0  16
         3860.0  16
         3870.0  16
         3880.0  16
         3890.0  16
         3900.0  16
         3910.0  16
         3920.0  16
         3930.0  16
         3940.0  16
         3950.0  16
         3960.0  16
         3970.0  16
         3980.0  16
         3990.0  16
         4000.0  16
         4010.0  16
         4020.0  16
         4030.0  16
         4040.0  16
         4050.0  16
         4060.0  16
         4070.0  16
         4080.0  16
         4090.0  16
         4100.0  16
         4110.0  16
         4120.0  16
         4130.0  16
         4140.0  16
         4150.0  16
         4160.0  16
         4170.0  16
         4180.0  17
         4190.0  17
         4200.0  17
         4210.0  17
         4220.0  17
         4230.0  17
         4240.0  17
         4250.0  17
         4260.0  17
         4270.0  17
         4280.0  17
         4290.0  17
         4300.0  17
         4310.0  17
         4320.0  17
         4330.0  17
         4340.0  17
         4350.0  17
         4360.0  17
         4370.0  17
         4380.0  17
         4390.0  17
         4400.0  17
         4410.0  17
         4420.0  17
         4430.0  17
         4440.0  17
         4450.0  17
         4460.0  17
         4470.0  17
         4480.0  17
         4490.0  17
         4500.0  17
         4510.0  17
         4520.0  17
         4530.0  17
         4540.0  17
         4550.0  17
         4560.0  17
         4570.0  17
         4580.0  17
         4590.0  17
         4600.0  17
         4610.0  17
         4620.0  17
         4630.0  17
         4640.0  17
         4650.0  17
         4660.0  17
         4670.0  17
         4680.0  17
         4690.0  17
         4700.0  17
         4710.0  17
         4720.0  17
         4730.0  17
         4740.0  17
         4750.0  17
         4760.0  17
         4770.0  17
         4780.0  17
         4790.0  17
         4800.0  17
         4810.0  17
         4820.0  17
         4830.0  17
         4840.0  17
         4850.0  17
         4860.0  17
         4870.0  17
         4880.0  17
         4890.0  17
         4900.0  17
         4910.0  17
         4920.0  17
         4930.0  17
         4940.0  17
         4950.0  17
         4960.0  17
         4970.0  17
         4980.0  17
         4990.0  17
         5000.0  17
         5010.0  17
         5020.0  17
         5030.0  17
         5040.0  17
         5050.0  17
         5060.0  17
         5070.0  17
         5080.0  17
         5090.0  17
         5100.0  17
         5110.0  17
         5120.0  17
         5130.0  17
         5140.0  17
         5150.0  17
         5160.0  17
         5170.0  17
         5180.0  17
         5190.0  17
         5200.0  17
         5210.0  17
         5220.0  17
         5230.0  17
         5240.0  17
         5250.0  17
         5260.0  17
         5270.0  17
         5280.0  17
         5290.0  17
         5300.0  17
         5310.0  17
         5320.0  17
         5330.0  17
         5340.0  17
         5350.0  17
         5360.0  17
         5370.0  17
         5380.0  17
         5390.0  17
         5400.0  17
         5410.0  17
         5420.0  17
         5430.0  17
         5440.0  17
         5450.0  17
         5460.0  17
         5470.0  17
         5480.0  17
         5490.0  17
         5500.0  17
         5510.0  17
         5520.0  17
         5530.0  17
         5540.0  17
         5550.0  17
         5560.0  17
         5570.0  17
         5580.0  17
         5590.0  17
         5600.0  17
         5610.0  17
         5620.0  17
         5630.0  17
         5640.0  17
         5650.0  17
         5660.0  17
         5670.0  17
         5680.0  17
         5690.0  17
         5700.0  17
         5710.0  17
         5720.0  17
         5730.0  17
         5740.0  17
         5750.0  17
         5760.0  17
         5770.0  17
         5780.0  17
         5790.0  17
         5800.0  17
         5810.0  17
         5820.0  17
         5830.0  17
         5840.0  17
         5850.0  17
         5860.0  17
         5870.0  17
         5880.0  17
         5890.0  17
         5900.0  17
         5910.0  17
         5920.0  17
         5930.0  17
         5940.0  17
         5950.0  17
         5960.0  17
         5970.0  17
         5980.0  17
         5990.0  17
         6000.0  17
         6010.0  17
         6020.0  17
         6030.0  17
         6040.0  17
         6050.0  17
         6060.0  17
         6070.0  17
         6080.0  17
         6090.0  17
         6100.0  17
         6110.0  17
         6120.0  17
         6130.0  17
         6140.0  17
         6150.0  17
         6160.0  17
         6170.0  17
         6180.0  17
         6190.0  17
         6200.0  17
         6210.0  17
         6220.0  17
         6230.0  17
         6240.0  17
         6250.0  17
         6260.0  17
         6270.0  17
         6280.0  17
         6290.0  17
         6300.0  17
         6310.0  17
         6320.0  17
         6330.0  17
         6340.0  17
         6350.0  17
         6360.0  17
         6370.0  17
         6380.0  17
         6390.0  17
         6400.0  17
         6410.0  17
         6420.0  17
         6430.0  17
         6440.0  17
         6450.0  17
         6460.0  17
         6470.0  17
         6480.0  17
         6490.0  17
         6500.0  17
         6510.0  17
         6520.0  17
         6530.0  17
         6540.0  17
         6550.0  17
         6560.0  17
         6570.0  17
         6580.0  17
         6590.0  17
         6600.0  17
         6610.0  17
         6620.0  17
         6630.0  17
         6640.0  17
         6650.0  17
         6660.0  17
         6670.0  17
         6680.0  17
         6690.0  17
         6700.0  17
         6710.0  17
         6720.0  17
         6730.0  17
         6740.0  17
         6750.0  17
         6760.0  17
         6770.0  17
         6780.0  17
         6790.0  17
         6800.0  17
         6810.0  17
         6820.0  17
         6830.0  17
         6840.0  17
         6850.0  17
         6860.0  17
         6870.0  17
         6880.0  17
         6890.0  17
         6900.0  17
         6910.0  17
         6920.0  17
         6930.0  17
         6940.0  17
         6950.0  17
         6960.0  17
         6970.0  17
         6980.0  17
         6990.0  17
         7000.0  17
         7010.0  17
         7020.0  17
         7030.0  17
         7040.0  17
         7050.0  17
         7060.0  17
         7070.0  17
         7080.0  17
         7090.0  17
         7100.0  17
         7110.0  17
         7120.0  17
         7130.0  17
         7140.0  17
         7150.0  17
         7160.0  17
         7170.0  17
         7180.0  17
         7190.0  17
         7200.0  17
