 seconds_passed droidmate-run:com.snapchat.android-5.0.34.6 droidmate-run:com.snapchat.android-4.1.07
            0.0   0   0
           10.0   2   0
           20.0   2   0
           30.0   3   4
           40.0   4   5
           50.0   4   5
           60.0   4   5
           70.0   8   5
           80.0   8   5
           90.0   8   5
          100.0   8   5
          110.0   8   5
          120.0   8   5
          130.0   8   5
          140.0   8   5
          150.0   8   5
          160.0   8   5
          170.0   9   5
          180.0   9   5
          190.0  10   5
          200.0  10   5
          210.0  10   5
          220.0  10   5
          230.0  10   5
          240.0  10   5
          250.0  10   5
          260.0  10   5
          270.0  10   5
          280.0  10   5
          290.0  10   7
          300.0  10   8
          310.0  10   8
          320.0  10   8
          330.0  10   9
          340.0  10   9
          350.0  10   9
          360.0  10   9
          370.0  11   9
          380.0  11   9
          390.0  11   9
          400.0  11   9
          410.0  11   9
          420.0  11   9
          430.0  11   9
          440.0  11   9
          450.0  11   9
          460.0  11   9
          470.0  11   9
          480.0  11   9
          490.0  11   9
          500.0  11   9
          510.0  11   9
          520.0  11   9
          530.0  11   9
          540.0  11   9
          550.0  11   9
          560.0  11  11
          570.0  11  11
          580.0  11  11
          590.0  11  11
          600.0  11  11
          610.0  11  11
          620.0  11  11
          630.0  11  11
          640.0  11  11
          650.0  11  11
          660.0  11  11
          670.0  11  11
          680.0  11  11
          690.0  11  11
          700.0  11  11
          710.0  11  11
          720.0  11  11
          730.0  11  11
          740.0  11  11
          750.0  11  11
          760.0  11  11
          770.0  11  11
          780.0  11  11
          790.0  11  11
          800.0  11  11
          810.0  11  11
          820.0  11  11
          830.0  11  11
          840.0  11  11
          850.0  11  11
          860.0  11  11
          870.0  11  11
          880.0  11  11
          890.0  11  11
          900.0  11  11
          910.0  11  11
          920.0  11  11
          930.0  11  11
          940.0  11  11
          950.0  11  11
          960.0  11  11
          970.0  11  11
          980.0  11  11
          990.0  11  11
         1000.0  11  11
         1010.0  11  11
         1020.0  11  11
         1030.0  11  11
         1040.0  11  11
         1050.0  11  11
         1060.0  11  11
         1070.0  11  11
         1080.0  11  11
         1090.0  11  11
         1100.0  11  11
         1110.0  11  11
         1120.0  11  11
         1130.0  11  11
         1140.0  11  11
         1150.0  11  11
         1160.0  11  11
         1170.0  11  11
         1180.0  11  11
         1190.0  11  11
         1200.0  11  11
         1210.0  11  11
         1220.0  11  11
         1230.0  11  11
         1240.0  11  11
         1250.0  11  11
         1260.0  11  11
         1270.0  11  11
         1280.0  11  11
         1290.0  11  11
         1300.0  11  11
         1310.0  11  11
         1320.0  11  11
         1330.0  11  11
         1340.0  11  11
         1350.0  11  11
         1360.0  11  11
         1370.0  11  11
         1380.0  11  11
         1390.0  11  11
         1400.0  11  11
         1410.0  11  11
         1420.0  11  11
         1430.0  11  11
         1440.0  11  11
         1450.0  11  11
         1460.0  11  11
         1470.0  11  11
         1480.0  11  11
         1490.0  11  11
         1500.0  11  11
         1510.0  11  11
         1520.0  11  11
         1530.0  11  11
         1540.0  11  11
         1550.0  11  11
         1560.0  11  11
         1570.0  11  11
         1580.0  11  11
         1590.0  11  11
         1600.0  11  11
         1610.0  11  11
         1620.0  11  11
         1630.0  11  11
         1640.0  11  11
         1650.0  11  11
         1660.0  11  11
         1670.0  11  11
         1680.0  11  11
         1690.0  11  11
         1700.0  11  11
         1710.0  11  11
         1720.0  11  11
         1730.0  11  11
         1740.0  11  11
         1750.0  11  11
         1760.0  11  11
         1770.0  11  11
         1780.0  11  11
         1790.0  11  11
         1800.0  11  11
         1810.0  11  11
         1820.0  11  11
         1830.0  11  11
         1840.0  11  11
         1850.0  11  11
         1860.0  11  11
         1870.0  11  11
         1880.0  11  11
         1890.0  11  11
         1900.0  11  11
         1910.0  11  11
         1920.0  11  11
         1930.0  11  11
         1940.0  11  11
         1950.0  11  11
         1960.0  11  11
         1970.0  11  11
         1980.0  11  11
         1990.0  11  11
         2000.0  11  11
         2010.0  11  11
         2020.0  11  11
         2030.0  11  11
         2040.0  11  11
         2050.0  11  11
         2060.0  11  11
         2070.0  11  11
         2080.0  11  11
         2090.0  11  11
         2100.0  11  11
         2110.0  11  11
         2120.0  11  11
         2130.0  11  11
         2140.0  11  11
         2150.0  11  11
         2160.0  11  11
         2170.0  11  11
         2180.0  11  11
         2190.0  11  11
         2200.0  11  11
         2210.0  11  11
         2220.0  11  11
         2230.0  11  11
         2240.0  11  11
         2250.0  11  11
         2260.0  11  11
         2270.0  11  11
         2280.0  11  11
         2290.0  11  11
         2300.0  11  11
         2310.0  11  11
         2320.0  11  11
         2330.0  11  11
         2340.0  11  11
         2350.0  11  11
         2360.0  11  11
         2370.0  11  11
         2380.0  11  11
         2390.0  11  11
         2400.0  11  11
         2410.0  11  11
         2420.0  11  11
         2430.0  11  11
         2440.0  11  11
         2450.0  11  11
         2460.0  11  11
         2470.0  11  11
         2480.0  11  11
         2490.0  11  11
         2500.0  11  11
         2510.0  11  11
         2520.0  11  11
         2530.0  11  11
         2540.0  11  11
         2550.0  11  11
         2560.0  11  11
         2570.0  11  11
         2580.0  11  11
         2590.0  11  11
         2600.0  11  11
         2610.0  11  11
         2620.0  11  11
         2630.0  11  11
         2640.0  11  11
         2650.0  11  11
         2660.0  11  11
         2670.0  11  11
         2680.0  11  11
         2690.0  11  11
         2700.0  11  11
         2710.0  11  11
         2720.0  11  11
         2730.0  11  11
         2740.0  11  11
         2750.0  11  11
         2760.0  11  11
         2770.0  11  11
         2780.0  11  11
         2790.0  11  11
         2800.0  11  11
         2810.0  11  11
         2820.0  11  11
         2830.0  11  11
         2840.0  11  11
         2850.0  11  11
         2860.0  11  11
         2870.0  11  11
         2880.0  11  11
         2890.0  11  11
         2900.0  11  11
         2910.0  11  11
         2920.0  11  11
         2930.0  11  11
         2940.0  11  11
         2950.0  11  11
         2960.0  11  11
         2970.0  11  11
         2980.0  11  11
         2990.0  11  11
         3000.0  11  11
         3010.0  11  11
         3020.0  11  11
         3030.0  11  11
         3040.0  11  11
         3050.0  11  11
         3060.0  11  11
         3070.0  11  11
         3080.0  11  11
         3090.0  11  11
         3100.0  11  11
         3110.0  11  11
         3120.0  11  11
         3130.0  11  11
         3140.0  11  11
         3150.0  11  11
         3160.0  11  11
         3170.0  11  11
         3180.0  11  11
         3190.0  13  11
         3200.0  13  11
         3210.0  13  11
         3220.0  13  11
         3230.0  13  11
         3240.0  13  11
         3250.0  13  11
         3260.0  13  11
         3270.0  13  11
         3280.0  13  11
         3290.0  13  11
         3300.0  13  11
         3310.0  13  11
         3320.0  13  11
         3330.0  13  11
         3340.0  13  11
         3350.0  13  11
         3360.0  13  11
         3370.0  13  11
         3380.0  13  11
         3390.0  13  11
         3400.0  13  11
         3410.0  13  11
         3420.0  13  11
         3430.0  13  11
         3440.0  13  11
         3450.0  13  11
         3460.0  13  11
         3470.0  13  11
         3480.0  13  11
         3490.0  13  11
         3500.0  13  11
         3510.0  13  11
         3520.0  13  11
         3530.0  13  11
         3540.0  13  11
         3550.0  13  11
         3560.0  13  11
         3570.0  13  11
         3580.0  13  11
         3590.0  13  11
         3600.0  13  11
         3610.0  13  11
         3620.0  13  11
         3630.0  13  11
         3640.0  13  11
         3650.0  13  11
         3660.0  13  11
         3670.0  13  11
         3680.0  13  11
         3690.0  13  11
         3700.0  13  11
         3710.0  13  11
         3720.0  13  11
         3730.0  13  11
         3740.0  13  11
         3750.0  13  11
         3760.0  13  11
         3770.0  13  11
         3780.0  13  11
         3790.0  13  11
         3800.0  13  11
         3810.0  13  11
         3820.0  13  11
         3830.0  13  11
         3840.0  13  11
         3850.0  13  11
         3860.0  13  11
         3870.0  13  11
         3880.0  13  11
         3890.0  13  11
         3900.0  13  11
         3910.0  13  11
         3920.0  13  11
         3930.0  13  11
         3940.0  13  11
         3950.0  13  11
         3960.0  13  11
         3970.0  13  11
         3980.0  13  11
         3990.0  13  11
         4000.0  13  11
         4010.0  13  11
         4020.0  13  11
         4030.0  13  11
         4040.0  13  11
         4050.0  13  11
         4060.0  13  11
         4070.0  13  11
         4080.0  13  11
         4090.0  13  11
         4100.0  13  11
         4110.0  13  11
         4120.0  13  11
         4130.0  13  11
         4140.0  13  11
         4150.0  13  11
         4160.0  13  11
         4170.0  13  11
         4180.0  13  11
         4190.0  13  11
         4200.0  13  11
         4210.0  13  11
         4220.0  13  11
         4230.0  13  11
         4240.0  13  11
         4250.0  13  11
         4260.0  13  11
         4270.0  13  11
         4280.0  13  11
         4290.0  13  11
         4300.0  13  11
         4310.0  13  11
         4320.0  13  11
         4330.0  13  11
         4340.0  13  11
         4350.0  13  11
         4360.0  13  11
         4370.0  13  11
         4380.0  13  11
         4390.0  13  11
         4400.0  13  11
         4410.0  13  11
         4420.0  13  11
         4430.0  13  11
         4440.0  13  11
         4450.0  13  11
         4460.0  13  11
         4470.0  13  11
         4480.0  13  11
         4490.0  13  11
         4500.0  13  11
         4510.0  13  11
         4520.0  13  11
         4530.0  13  11
         4540.0  13  11
         4550.0  13  11
         4560.0  13  11
         4570.0  13  11
         4580.0  13  11
         4590.0  13  11
         4600.0  13  11
         4610.0  13  11
         4620.0  13  11
         4630.0  13  11
         4640.0  13  11
         4650.0  13  11
         4660.0  13  11
         4670.0  13  11
         4680.0  13  11
         4690.0  13  11
         4700.0  13  11
         4710.0  13  11
         4720.0  13  11
         4730.0  13  11
         4740.0  13  11
         4750.0  13  11
         4760.0  13  11
         4770.0  13  11
         4780.0  13  11
         4790.0  13  11
         4800.0  13  11
         4810.0  13  11
         4820.0  13  11
         4830.0  13  11
         4840.0  13  11
         4850.0  13  11
         4860.0  13  11
         4870.0  13  11
         4880.0  13  11
         4890.0  13  11
         4900.0  13  11
         4910.0  13  11
         4920.0  13  11
         4930.0  13  11
         4940.0  13  11
         4950.0  13  11
         4960.0  13  11
         4970.0  13  11
         4980.0  13  11
         4990.0  13  11
         5000.0  13  11
         5010.0  13  11
         5020.0  13  11
         5030.0  13  11
         5040.0  13  11
         5050.0  13  11
         5060.0  13  11
         5070.0  13  11
         5080.0  13  11
         5090.0  13  11
         5100.0  13  11
         5110.0  13  11
         5120.0  13  11
         5130.0  13  11
         5140.0  13  11
         5150.0  13  11
         5160.0  13  11
         5170.0  13  11
         5180.0  13  11
         5190.0  13  11
         5200.0  13  11
         5210.0  13  11
         5220.0  13  11
         5230.0  13  11
         5240.0  13  11
         5250.0  13  11
         5260.0  13  11
         5270.0  13  11
         5280.0  13  11
         5290.0  13  11
         5300.0  13  11
         5310.0  13  11
         5320.0  13  11
         5330.0  13  11
         5340.0  13  11
         5350.0  13  11
         5360.0  13  11
         5370.0  13  11
         5380.0  13  11
         5390.0  13  11
         5400.0  13  11
         5410.0  13  11
         5420.0  13  11
         5430.0  13  11
         5440.0  13  11
         5450.0  13  11
         5460.0  13  11
         5470.0  13  11
         5480.0  13  11
         5490.0  13  11
         5500.0  13  11
         5510.0  13  11
         5520.0  13  11
         5530.0  13  11
         5540.0  13  11
         5550.0  13  11
         5560.0  13  11
         5570.0  13  11
         5580.0  13  11
         5590.0  13  11
         5600.0  13  11
         5610.0  13  11
         5620.0  13  11
         5630.0  13  11
         5640.0  13  11
         5650.0  13  11
         5660.0  13  11
         5670.0  13  11
         5680.0  13  11
         5690.0  13  11
         5700.0  13  11
         5710.0  13  11
         5720.0  13  11
         5730.0  13  11
         5740.0  13  11
         5750.0  13  11
         5760.0  13  11
         5770.0  13  11
         5780.0  13  11
         5790.0  13  11
         5800.0  13  11
         5810.0  13  11
         5820.0  13  11
         5830.0  13  11
         5840.0  13  11
         5850.0  13  11
         5860.0  13  11
         5870.0  13  11
         5880.0  13  11
         5890.0  13  11
         5900.0  13  11
         5910.0  13  11
         5920.0  13  11
         5930.0  13  11
         5940.0  13  11
         5950.0  13  11
         5960.0  13  11
         5970.0  13  11
         5980.0  13  11
         5990.0  13  11
         6000.0  13  11
         6010.0  13  11
         6020.0  13  11
         6030.0  13  11
         6040.0  13  11
         6050.0  13  11
         6060.0  13  11
         6070.0  13  11
         6080.0  13  11
         6090.0  13  11
         6100.0  13  11
         6110.0  13  11
         6120.0  13  11
         6130.0  13  11
         6140.0  13  11
         6150.0  13  11
         6160.0  13  11
         6170.0  13  11
         6180.0  13  11
         6190.0  13  11
         6200.0  13  11
         6210.0  13  11
         6220.0  13  11
         6230.0  13  11
         6240.0  13  11
         6250.0  13  11
         6260.0  13  11
         6270.0  13  11
         6280.0  13  11
         6290.0  13  11
         6300.0  13  11
         6310.0  13  11
         6320.0  13  11
         6330.0  13  11
         6340.0  13  11
         6350.0  13  11
         6360.0  13  11
         6370.0  13  11
         6380.0  13  11
         6390.0  13  11
         6400.0  13  11
         6410.0  13  11
         6420.0  13  11
         6430.0  13  11
         6440.0  13  11
         6450.0  13  11
         6460.0  13  11
         6470.0  13  11
         6480.0  13  11
         6490.0  13  11
         6500.0  13  11
         6510.0  13  11
         6520.0  13  11
         6530.0  13  11
         6540.0  13  11
         6550.0  13  11
         6560.0  13  11
         6570.0  13  11
         6580.0  13  11
         6590.0  13  11
         6600.0  13  11
         6610.0  13  11
         6620.0  13  11
         6630.0  13  11
         6640.0  13  11
         6650.0  13  11
         6660.0  13  11
         6670.0  13  11
         6680.0  13  11
         6690.0  13  11
         6700.0  13  11
         6710.0  13  11
         6720.0  13  11
         6730.0  13  11
         6740.0  13  11
         6750.0  13  11
         6760.0  13  11
         6770.0  13  11
         6780.0  13  11
         6790.0  13  11
         6800.0  13  11
         6810.0  13  11
         6820.0  13  11
         6830.0  13  11
         6840.0  13  11
         6850.0  13  11
         6860.0  13  11
         6870.0  13  11
         6880.0  13  11
         6890.0  13  11
         6900.0  13  11
         6910.0  13  11
         6920.0  13  11
         6930.0  13  11
         6940.0  13  11
         6950.0  13  11
         6960.0  13  11
         6970.0  13  11
         6980.0  13  11
         6990.0  13  11
         7000.0  13  11
         7010.0  13  11
         7020.0  13  11
         7030.0  13  11
         7040.0  13  11
         7050.0  13  11
         7060.0  13  11
         7070.0  13  11
         7080.0  13  11
         7090.0  13  11
         7100.0  13  11
         7110.0  13  11
         7120.0  13  11
         7130.0  13  11
         7140.0  13  11
         7150.0  13  11
         7160.0  13  11
         7170.0  13  11
         7180.0  13  11
         7190.0  13  11
         7200.0  13  11
         7210.0  13  11
         7220.0  13  11
         7230.0  13  11
         7240.0  13  11
         7250.0  13  11
         7260.0  13  11
         7270.0  13  11
         7280.0  13  11
         7290.0  13  11
         7300.0  13  11
         7310.0  13  11
         7320.0  13  11
         7330.0  13  11
         7340.0  13  11
         7350.0  13  11
         7360.0  13  11
         7370.0  13  11
         7380.0  13  11
         7390.0  13  11
         7400.0  13  11
         7410.0  13  11
         7420.0  13  11
         7430.0  13  11
         7440.0  13  11
         7450.0  13  11
         7460.0  13  11
         7470.0  13  11
         7480.0  13  11
         7490.0  13  11
         7500.0  13  11
         7510.0  13  11
         7520.0  13  11
         7530.0  13  11
         7540.0  13  11
         7550.0  13  11
         7560.0  13  11
         7570.0  13  11
         7580.0  13  11
         7590.0  13  11
         7600.0  13  11
         7610.0  13  11
         7620.0  13  11
         7630.0  13  11
         7640.0  13  11
         7650.0  13  11
         7660.0  13  11
         7670.0  13  11
         7680.0  13  11
         7690.0  13  11
         7700.0  13  11
         7710.0  13  11
         7720.0  13  11
         7730.0  13  11
         7740.0  13  11
         7750.0  13  11
         7760.0  13  11
         7770.0  13  11
         7780.0  13  11
         7790.0  13  11
         7800.0  13  11
         7810.0  13  11
         7820.0  13  11
         7830.0  13  11
         7840.0  13  11
         7850.0  13  11
         7860.0  13  11
         7870.0  13  11
         7880.0  13  11
         7890.0  13  11
         7900.0  13  11
         7910.0  13  11
         7920.0  13  11
         7930.0  13  11
         7940.0  13  11
         7950.0  13  11
         7960.0  13  11
         7970.0  13  11
         7980.0  13  11
         7990.0  13  11
         8000.0  13  11
         8010.0  13  11
         8020.0  13  11
         8030.0  13  11
         8040.0  13  11
         8050.0  13  11
         8060.0  13  11
         8070.0  13  11
         8080.0  13  11
         8090.0  13  11
         8100.0  13  11
         8110.0  13  11
         8120.0  13  11
         8130.0  13  11
         8140.0  13  11
         8150.0  13  11
         8160.0  13  11
         8170.0  13  11
         8180.0  13  11
         8190.0  13  11
         8200.0  13  11
         8210.0  13  11
         8220.0  13  11
         8230.0  13  11
         8240.0  13  11
         8250.0  13  11
         8260.0  13  11
         8270.0  13  11
         8280.0  13  11
         8290.0  13  11
         8300.0  13  11
         8310.0  13  11
         8320.0  13  11
         8330.0  13  11
         8340.0  13  11
         8350.0  13  11
         8360.0  13  11
         8370.0  13  11
         8380.0  13  11
         8390.0  13  11
         8400.0  13  11
         8410.0  13  11
         8420.0  13  11
         8430.0  13  11
         8440.0  13  11
         8450.0  13  11
         8460.0  13  11
         8470.0  13  11
         8480.0  13  11
         8490.0  13  11
         8500.0  13  11
         8510.0  13  11
         8520.0  13  11
         8530.0  13  11
         8540.0  13  11
         8550.0  13  11
         8560.0  13  11
         8570.0  13  11
         8580.0  13  11
         8590.0  13  11
         8600.0  13  11
         8610.0  13  11
         8620.0  13  11
         8630.0  13  11
         8640.0  13  11
         8650.0  13  11
         8660.0  13  11
         8670.0  13  11
         8680.0  13  11
         8690.0  13  11
         8700.0  13  11
         8710.0  13  11
         8720.0  13  11
         8730.0  13  11
         8740.0  13  11
         8750.0  13  11
         8760.0  13  11
         8770.0  13  11
         8780.0  13  11
         8790.0  13  11
         8800.0  13  11
         8810.0  13  11
         8820.0  13  11
         8830.0  13  11
         8840.0  13  11
         8850.0  13  11
         8860.0  13  11
         8870.0  13  11
         8880.0  13  11
         8890.0  13  11
         8900.0  13  11
         8910.0  13  11
         8920.0  13  11
         8930.0  13  11
         8940.0  13  11
         8950.0  13  11
         8960.0  13  11
         8970.0  13  11
         8980.0  13  11
         8990.0  13  11
         9000.0  13  11
         9010.0  13  11
         9020.0  13  11
         9030.0  13  11
         9040.0  13  11
         9050.0  13  11
         9060.0  13  11
         9070.0  13  11
         9080.0  13  11
         9090.0  13  11
         9100.0  13  11
         9110.0  13  11
         9120.0  13  11
         9130.0  13  11
         9140.0  13  11
         9150.0  13  11
         9160.0  13  11
         9170.0  13  11
         9180.0  13  11
         9190.0  13  11
         9200.0  13  11
         9210.0  13  11
         9220.0  13  11
         9230.0  13  11
         9240.0  13  11
         9250.0  13  11
         9260.0  13  11
         9270.0  13  11
         9280.0  13  11
         9290.0  13  11
         9300.0  13  11
         9310.0  13  11
         9320.0  13  11
         9330.0  13  11
         9340.0  13  11
         9350.0  13  11
         9360.0  13  11
         9370.0  13  11
         9380.0  13  11
         9390.0  13  11
         9400.0  13  11
         9410.0  13  11
         9420.0  13  11
         9430.0  13  11
         9440.0  13  11
         9450.0  13  11
         9460.0  13  11
         9470.0  13  11
         9480.0  13  11
         9490.0  13  11
         9500.0  13  11
         9510.0  13  11
         9520.0  13  11
         9530.0  13  11
         9540.0  13  11
         9550.0  13  11
         9560.0  13  11
         9570.0  13  11
         9580.0  13  11
         9590.0  13  11
         9600.0  13  11
         9610.0  13  11
         9620.0  13  11
         9630.0  13  11
         9640.0  13  11
         9650.0  13  11
         9660.0  13  11
         9670.0  13  11
         9680.0  13  11
         9690.0  13  11
         9700.0  13  11
         9710.0  13  11
         9720.0  13  11
         9730.0  13  11
         9740.0  13  11
         9750.0  13  11
         9760.0  13  11
         9770.0  13  11
         9780.0  13  11
         9790.0  13  11
         9800.0  13  11
         9810.0  13  11
         9820.0  13  11
         9830.0  13  11
         9840.0  13  11
         9850.0  13  11
         9860.0  13  11
         9870.0  13  11
         9880.0  13  11
         9890.0  13  11
         9900.0  13  11
         9910.0  13  11
         9920.0  13  11
         9930.0  13  11
         9940.0  13  11
         9950.0  13  11
         9960.0  13  11
         9970.0  13  11
         9980.0  13  11
         9990.0  13  11
        10000.0  13  11
        10010.0  13  11
        10020.0  13  11
        10030.0  13  11
        10040.0  13  11
        10050.0  13  11
        10060.0  13  11
        10070.0  13  11
        10080.0  13  11
        10090.0  13  11
        10100.0  13  11
        10110.0  13  11
        10120.0  13  11
        10130.0  13  11
        10140.0  13  11
        10150.0  13  11
        10160.0  13  11
        10170.0  13  11
        10180.0  13  11
        10190.0  13  11
        10200.0  13  11
        10210.0  13  11
        10220.0  13  11
        10230.0  13  11
        10240.0  13  11
        10250.0  13  11
        10260.0  13  11
        10270.0  13  11
        10280.0  13  11
        10290.0  13  11
        10300.0  13  11
        10310.0  13  11
        10320.0  13  11
        10330.0  13  11
        10340.0  13  11
        10350.0  13  11
        10360.0  13  11
        10370.0  13  11
        10380.0  13  11
        10390.0  13  11
        10400.0  13  11
        10410.0  13  11
        10420.0  13  11
        10430.0  13  11
        10440.0  13  11
        10450.0  13  11
        10460.0  13  11
        10470.0  13  11
        10480.0  13  11
        10490.0  13  11
        10500.0  13  11
        10510.0  13  11
        10520.0  13  11
        10530.0  13  11
        10540.0  13  11
        10550.0  13  11
        10560.0  13  11
        10570.0  13  11
        10580.0  13  11
        10590.0  13  11
        10600.0  13  11
        10610.0  13  11
        10620.0  13  11
        10630.0  13  11
        10640.0  13  11
        10650.0  13  11
        10660.0  13  11
        10670.0  13  11
        10680.0  13  11
        10690.0  13  11
        10700.0  13  11
        10710.0  13  11
        10720.0  13  11
        10730.0  13  11
        10740.0  13  11
        10750.0  13  11
        10760.0  13  11
        10770.0  13  11
        10780.0  13  11
        10790.0  13  11
        10800.0  13  11
        10810.0  13  11
        10820.0  13  11
        10830.0  13  11
        10840.0  13  11
        10850.0  13  11
        10860.0  13  11
        10870.0  13  11
        10880.0  13  11
        10890.0  13  11
        10900.0  13  11
        10910.0  13  11
        10920.0  13  11
        10930.0  13  11
        10940.0  13  11
        10950.0  13  11
        10960.0  13  11
        10970.0  13  11
        10980.0  13  11
        10990.0  13  11
        11000.0  13  11
        11010.0  13  11
        11020.0  13  11
        11030.0  13  11
        11040.0  13  11
        11050.0  13  11
        11060.0  13  11
        11070.0  13  11
        11080.0  13  11
        11090.0  13  11
        11100.0  13  11
        11110.0  13  11
        11120.0  13  11
        11130.0  13  11
        11140.0  13  11
        11150.0  13  11
        11160.0  13  11
        11170.0  13  11
        11180.0  13  11
        11190.0  13  11
        11200.0  13  11
        11210.0  13  11
        11220.0  13  11
        11230.0  13  11
        11240.0  13  11
        11250.0  13  11
        11260.0  13  11
        11270.0  13  11
        11280.0  13  11
        11290.0  13  11
        11300.0  13  11
        11310.0  13  11
        11320.0  13  11
        11330.0  13  11
        11340.0  13  11
        11350.0  13  11
        11360.0  13  11
        11370.0  13  11
        11380.0  13  11
        11390.0  13  11
        11400.0  13  11
        11410.0  13  11
        11420.0  13  11
        11430.0  13  11
        11440.0  13  11
        11450.0  13  11
        11460.0  13  11
        11470.0  13  11
        11480.0  13  11
        11490.0  13  11
        11500.0  13  11
        11510.0  13  11
        11520.0  13  11
        11530.0  13  11
        11540.0  13  11
        11550.0  13  11
        11560.0  13  11
        11570.0  13  11
        11580.0  13  11
        11590.0  13  11
        11600.0  13  11
        11610.0  13  11
        11620.0  13  11
        11630.0  13  11
        11640.0  13  11
        11650.0  13  11
        11660.0  13  11
        11670.0  13  11
        11680.0  13  11
        11690.0  13  11
        11700.0  13  11
        11710.0  13  11
        11720.0  13  11
        11730.0  13  11
        11740.0  13  11
        11750.0  13  11
        11760.0  13  11
        11770.0  13  11
        11780.0  13  11
        11790.0  13  11
        11800.0  13  11
        11810.0  13  11
        11820.0  13  11
        11830.0  13  11
        11840.0  13  11
        11850.0  13  11
        11860.0  13  11
        11870.0  13  11
        11880.0  13  11
        11890.0  13  11
        11900.0  13  11
        11910.0  13  11
        11920.0  13  11
        11930.0  13  11
        11940.0  13  11
        11950.0  13  11
        11960.0  13  11
        11970.0  13  11
        11980.0  13  11
        11990.0  13  11
        12000.0  13  11
        12010.0  13  11
        12020.0  13  11
        12030.0  13  11
        12040.0  13  11
        12050.0  13  11
        12060.0  13  11
        12070.0  13  11
        12080.0  13  11
        12090.0  13  11
        12100.0  13  11
        12110.0  13  11
        12120.0  13  11
        12130.0  13  11
        12140.0  13  11
        12150.0  13  11
        12160.0  13  11
        12170.0  13  11
        12180.0  13  11
        12190.0  13  11
        12200.0  13  11
        12210.0  13  11
        12220.0  13  11
        12230.0  13  11
        12240.0  13  11
        12250.0  13  11
        12260.0  13  11
        12270.0  13  11
        12280.0  13  11
        12290.0  13  11
        12300.0  13  11
        12310.0  13  11
        12320.0  13  11
        12330.0  13  11
        12340.0  13  11
        12350.0  13  11
        12360.0  13  11
        12370.0  13  11
        12380.0  13  11
        12390.0  13  11
        12400.0  13  11
        12410.0  13  11
        12420.0  13  11
        12430.0  13  11
        12440.0  13  11
        12450.0  13  11
        12460.0  13  11
        12470.0  13  11
        12480.0  13  11
        12490.0  13  11
        12500.0  13  11
        12510.0  13  11
        12520.0  13  11
        12530.0  13  11
        12540.0  13  11
        12550.0  13  11
        12560.0  13  11
        12570.0  13  11
        12580.0  13  11
        12590.0  13  11
        12600.0  13  11
