 seconds_passed droidmate-run:com.snapchat.android-5.0.34.6 droidmate-run:com.snapchat.android-4.1.07
            0.0   0   0
           10.0   2   0
           20.0   2   0
           30.0   4   4
           40.0   6   6
           50.0   6   6
           60.0   6   6
           70.0  10   6
           80.0  10   6
           90.0  10   6
          100.0  10   6
          110.0  10   9
          120.0  10   9
          130.0  10   9
          140.0  10   9
          150.0  10   9
          160.0  10   9
          170.0  11   9
          180.0  11   9
          190.0  12   9
          200.0  12   9
          210.0  12   9
          220.0  12   9
          230.0  12   9
          240.0  12   9
          250.0  12   9
          260.0  12   9
          270.0  12   9
          280.0  12   9
          290.0  12  11
          300.0  12  12
          310.0  12  12
          320.0  12  12
          330.0  12  13
          340.0  12  13
          350.0  12  13
          360.0  12  13
          370.0  13  14
          380.0  13  14
          390.0  13  14
          400.0  13  14
          410.0  13  14
          420.0  13  14
          430.0  13  14
          440.0  13  14
          450.0  13  14
          460.0  13  14
          470.0  13  14
          480.0  13  15
          490.0  13  18
          500.0  13  20
          510.0  13  20
          520.0  13  20
          530.0  13  20
          540.0  13  20
          550.0  13  20
          560.0  13  23
          570.0  13  23
          580.0  13  23
          590.0  13  23
          600.0  13  23
          610.0  13  23
          620.0  13  23
          630.0  13  23
          640.0  13  23
          650.0  13  23
          660.0  13  23
          670.0  13  23
          680.0  13  23
          690.0  13  23
          700.0  13  23
          710.0  13  23
          720.0  13  23
          730.0  13  23
          740.0  13  23
          750.0  13  23
          760.0  13  23
          770.0  13  23
          780.0  13  23
          790.0  13  23
          800.0  13  23
          810.0  13  23
          820.0  13  24
          830.0  13  24
          840.0  13  24
          850.0  13  24
          860.0  13  24
          870.0  13  24
          880.0  13  24
          890.0  13  24
          900.0  13  24
          910.0  13  24
          920.0  13  24
          930.0  13  24
          940.0  13  25
          950.0  13  25
          960.0  13  25
          970.0  13  25
          980.0  13  25
          990.0  13  25
         1000.0  13  25
         1010.0  13  25
         1020.0  13  25
         1030.0  13  25
         1040.0  13  25
         1050.0  13  25
         1060.0  13  25
         1070.0  13  25
         1080.0  13  25
         1090.0  13  25
         1100.0  13  25
         1110.0  13  25
         1120.0  13  26
         1130.0  13  26
         1140.0  13  26
         1150.0  13  26
         1160.0  13  26
         1170.0  13  26
         1180.0  13  26
         1190.0  13  26
         1200.0  13  26
         1210.0  13  26
         1220.0  13  26
         1230.0  13  26
         1240.0  13  26
         1250.0  13  26
         1260.0  13  26
         1270.0  13  26
         1280.0  13  26
         1290.0  13  26
         1300.0  13  26
         1310.0  13  26
         1320.0  13  26
         1330.0  13  26
         1340.0  13  26
         1350.0  13  26
         1360.0  13  26
         1370.0  13  26
         1380.0  13  26
         1390.0  13  26
         1400.0  13  26
         1410.0  13  27
         1420.0  13  28
         1430.0  13  28
         1440.0  13  28
         1450.0  13  28
         1460.0  13  28
         1470.0  13  28
         1480.0  13  28
         1490.0  13  28
         1500.0  13  28
         1510.0  13  28
         1520.0  13  28
         1530.0  13  28
         1540.0  13  28
         1550.0  13  28
         1560.0  13  28
         1570.0  13  28
         1580.0  13  28
         1590.0  13  28
         1600.0  14  28
         1610.0  14  28
         1620.0  15  28
         1630.0  16  28
         1640.0  16  28
         1650.0  16  28
         1660.0  16  28
         1670.0  16  29
         1680.0  16  29
         1690.0  16  29
         1700.0  16  29
         1710.0  16  29
         1720.0  17  29
         1730.0  17  29
         1740.0  17  29
         1750.0  17  29
         1760.0  17  29
         1770.0  17  29
         1780.0  17  29
         1790.0  17  29
         1800.0  17  29
         1810.0  17  29
         1820.0  17  29
         1830.0  17  29
         1840.0  17  29
         1850.0  17  29
         1860.0  17  29
         1870.0  17  29
         1880.0  17  29
         1890.0  17  29
         1900.0  17  29
         1910.0  17  29
         1920.0  17  29
         1930.0  17  29
         1940.0  18  29
         1950.0  18  29
         1960.0  18  29
         1970.0  18  29
         1980.0  19  29
         1990.0  19  30
         2000.0  19  30
         2010.0  19  30
         2020.0  19  30
         2030.0  19  30
         2040.0  19  30
         2050.0  19  30
         2060.0  19  30
         2070.0  19  30
         2080.0  19  30
         2090.0  19  30
         2100.0  19  30
         2110.0  19  30
         2120.0  19  30
         2130.0  19  30
         2140.0  19  30
         2150.0  19  30
         2160.0  19  30
         2170.0  19  30
         2180.0  19  30
         2190.0  19  30
         2200.0  19  30
         2210.0  19  30
         2220.0  19  30
         2230.0  19  30
         2240.0  19  30
         2250.0  19  30
         2260.0  19  30
         2270.0  19  30
         2280.0  19  30
         2290.0  19  30
         2300.0  19  30
         2310.0  19  30
         2320.0  20  30
         2330.0  20  30
         2340.0  20  30
         2350.0  21  30
         2360.0  21  30
         2370.0  21  30
         2380.0  21  30
         2390.0  21  30
         2400.0  21  30
         2410.0  22  30
         2420.0  22  30
         2430.0  22  30
         2440.0  22  30
         2450.0  22  30
         2460.0  22  30
         2470.0  22  30
         2480.0  22  30
         2490.0  22  30
         2500.0  22  30
         2510.0  22  30
         2520.0  22  30
         2530.0  22  30
         2540.0  22  30
         2550.0  22  30
         2560.0  22  30
         2570.0  22  30
         2580.0  22  30
         2590.0  22  30
         2600.0  22  30
         2610.0  22  30
         2620.0  22  30
         2630.0  22  30
         2640.0  22  30
         2650.0  22  30
         2660.0  22  30
         2670.0  22  30
         2680.0  22  30
         2690.0  22  30
         2700.0  22  30
         2710.0  22  30
         2720.0  22  30
         2730.0  22  30
         2740.0  22  30
         2750.0  22  30
         2760.0  23  30
         2770.0  23  30
         2780.0  23  30
         2790.0  23  30
         2800.0  23  30
         2810.0  23  30
         2820.0  23  30
         2830.0  23  30
         2840.0  23  30
         2850.0  23  30
         2860.0  23  30
         2870.0  23  30
         2880.0  23  30
         2890.0  23  30
         2900.0  23  30
         2910.0  23  30
         2920.0  23  30
         2930.0  23  30
         2940.0  24  30
         2950.0  24  30
         2960.0  24  30
         2970.0  24  30
         2980.0  25  30
         2990.0  25  30
         3000.0  25  30
         3010.0  25  30
         3020.0  25  30
         3030.0  25  30
         3040.0  25  30
         3050.0  25  30
         3060.0  25  30
         3070.0  25  30
         3080.0  25  30
         3090.0  25  30
         3100.0  25  30
         3110.0  25  30
         3120.0  25  30
         3130.0  25  30
         3140.0  25  30
         3150.0  25  30
         3160.0  25  30
         3170.0  25  30
         3180.0  25  30
         3190.0  27  30
         3200.0  27  30
         3210.0  27  30
         3220.0  27  30
         3230.0  27  30
         3240.0  27  30
         3250.0  27  30
         3260.0  27  30
         3270.0  27  30
         3280.0  27  30
         3290.0  27  30
         3300.0  27  30
         3310.0  27  30
         3320.0  27  30
         3330.0  27  30
         3340.0  27  30
         3350.0  27  30
         3360.0  27  30
         3370.0  27  30
         3380.0  27  30
         3390.0  27  30
         3400.0  27  30
         3410.0  27  30
         3420.0  27  30
         3430.0  27  30
         3440.0  27  30
         3450.0  27  30
         3460.0  27  30
         3470.0  27  30
         3480.0  27  30
         3490.0  27  30
         3500.0  27  30
         3510.0  27  30
         3520.0  27  30
         3530.0  27  30
         3540.0  27  30
         3550.0  27  30
         3560.0  27  30
         3570.0  27  30
         3580.0  28  30
         3590.0  28  30
         3600.0  28  30
         3610.0  28  30
         3620.0  28  30
         3630.0  28  30
         3640.0  28  30
         3650.0  28  30
         3660.0  28  30
         3670.0  28  30
         3680.0  28  30
         3690.0  28  30
         3700.0  28  30
         3710.0  28  30
         3720.0  28  30
         3730.0  28  30
         3740.0  28  30
         3750.0  28  30
         3760.0  28  31
         3770.0  28  31
         3780.0  28  31
         3790.0  28  31
         3800.0  28  31
         3810.0  28  31
         3820.0  28  31
         3830.0  28  31
         3840.0  28  31
         3850.0  28  31
         3860.0  28  31
         3870.0  28  31
         3880.0  28  31
         3890.0  28  31
         3900.0  28  31
         3910.0  28  31
         3920.0  28  31
         3930.0  28  31
         3940.0  28  31
         3950.0  28  31
         3960.0  28  32
         3970.0  28  32
         3980.0  28  32
         3990.0  28  32
         4000.0  28  32
         4010.0  28  32
         4020.0  28  32
         4030.0  28  32
         4040.0  28  32
         4050.0  29  32
         4060.0  29  32
         4070.0  29  32
         4080.0  29  32
         4090.0  29  32
         4100.0  29  32
         4110.0  29  32
         4120.0  29  32
         4130.0  30  32
         4140.0  30  32
         4150.0  30  32
         4160.0  30  32
         4170.0  30  32
         4180.0  30  32
         4190.0  30  32
         4200.0  30  32
         4210.0  30  32
         4220.0  30  32
         4230.0  30  32
         4240.0  30  32
         4250.0  30  32
         4260.0  30  32
         4270.0  30  32
         4280.0  30  32
         4290.0  30  32
         4300.0  30  32
         4310.0  30  32
         4320.0  30  32
         4330.0  30  32
         4340.0  30  32
         4350.0  30  32
         4360.0  30  32
         4370.0  30  32
         4380.0  30  32
         4390.0  30  32
         4400.0  30  32
         4410.0  30  32
         4420.0  30  32
         4430.0  30  32
         4440.0  30  32
         4450.0  30  32
         4460.0  30  32
         4470.0  30  32
         4480.0  30  32
         4490.0  30  32
         4500.0  30  32
         4510.0  30  32
         4520.0  30  32
         4530.0  30  32
         4540.0  30  32
         4550.0  30  32
         4560.0  30  32
         4570.0  30  32
         4580.0  30  32
         4590.0  30  32
         4600.0  30  32
         4610.0  30  32
         4620.0  30  32
         4630.0  30  32
         4640.0  30  32
         4650.0  30  32
         4660.0  30  32
         4670.0  30  32
         4680.0  30  32
         4690.0  30  32
         4700.0  30  32
         4710.0  30  32
         4720.0  30  32
         4730.0  30  32
         4740.0  30  32
         4750.0  30  32
         4760.0  30  32
         4770.0  30  32
         4780.0  30  32
         4790.0  30  32
         4800.0  30  32
         4810.0  31  32
         4820.0  31  32
         4830.0  31  32
         4840.0  31  32
         4850.0  31  32
         4860.0  31  32
         4870.0  31  32
         4880.0  31  32
         4890.0  31  32
         4900.0  31  32
         4910.0  31  32
         4920.0  31  32
         4930.0  31  32
         4940.0  31  32
         4950.0  31  32
         4960.0  31  32
         4970.0  31  32
         4980.0  31  32
         4990.0  31  32
         5000.0  31  32
         5010.0  31  32
         5020.0  31  32
         5030.0  31  32
         5040.0  31  32
         5050.0  31  32
         5060.0  31  32
         5070.0  31  32
         5080.0  31  32
         5090.0  31  32
         5100.0  31  32
         5110.0  31  32
         5120.0  31  32
         5130.0  31  32
         5140.0  31  32
         5150.0  31  32
         5160.0  31  32
         5170.0  31  32
         5180.0  31  32
         5190.0  31  32
         5200.0  31  32
         5210.0  31  32
         5220.0  31  32
         5230.0  31  32
         5240.0  31  32
         5250.0  31  32
         5260.0  31  32
         5270.0  31  32
         5280.0  31  32
         5290.0  31  32
         5300.0  31  32
         5310.0  31  32
         5320.0  31  32
         5330.0  31  32
         5340.0  31  32
         5350.0  31  32
         5360.0  31  32
         5370.0  31  32
         5380.0  31  32
         5390.0  31  32
         5400.0  31  32
         5410.0  31  32
         5420.0  31  32
         5430.0  31  32
         5440.0  31  32
         5450.0  31  32
         5460.0  31  32
         5470.0  32  32
         5480.0  32  32
         5490.0  32  32
         5500.0  32  32
         5510.0  32  32
         5520.0  32  32
         5530.0  32  32
         5540.0  32  32
         5550.0  32  32
         5560.0  32  32
         5570.0  32  32
         5580.0  32  32
         5590.0  32  32
         5600.0  32  32
         5610.0  32  32
         5620.0  32  32
         5630.0  32  32
         5640.0  32  32
         5650.0  32  32
         5660.0  32  32
         5670.0  32  32
         5680.0  32  32
         5690.0  32  32
         5700.0  32  32
         5710.0  32  32
         5720.0  32  32
         5730.0  32  32
         5740.0  32  32
         5750.0  32  32
         5760.0  32  32
         5770.0  32  32
         5780.0  32  32
         5790.0  32  32
         5800.0  32  32
         5810.0  32  32
         5820.0  32  32
         5830.0  32  32
         5840.0  32  32
         5850.0  32  32
         5860.0  32  32
         5870.0  32  32
         5880.0  32  32
         5890.0  32  32
         5900.0  32  32
         5910.0  32  32
         5920.0  32  32
         5930.0  32  32
         5940.0  32  32
         5950.0  32  32
         5960.0  32  32
         5970.0  32  32
         5980.0  32  32
         5990.0  32  32
         6000.0  32  32
         6010.0  32  32
         6020.0  32  32
         6030.0  32  32
         6040.0  32  32
         6050.0  32  32
         6060.0  32  32
         6070.0  32  32
         6080.0  32  32
         6090.0  32  32
         6100.0  32  32
         6110.0  32  32
         6120.0  32  32
         6130.0  32  32
         6140.0  32  32
         6150.0  32  32
         6160.0  32  32
         6170.0  32  32
         6180.0  32  32
         6190.0  32  32
         6200.0  32  32
         6210.0  32  32
         6220.0  32  32
         6230.0  32  32
         6240.0  32  32
         6250.0  32  32
         6260.0  32  32
         6270.0  32  32
         6280.0  32  32
         6290.0  32  32
         6300.0  32  32
         6310.0  32  32
         6320.0  32  32
         6330.0  32  32
         6340.0  32  32
         6350.0  32  32
         6360.0  32  32
         6370.0  32  32
         6380.0  32  32
         6390.0  32  32
         6400.0  32  32
         6410.0  32  32
         6420.0  32  32
         6430.0  32  32
         6440.0  32  32
         6450.0  32  32
         6460.0  32  32
         6470.0  32  32
         6480.0  32  32
         6490.0  32  32
         6500.0  32  32
         6510.0  32  32
         6520.0  32  32
         6530.0  32  32
         6540.0  32  32
         6550.0  32  32
         6560.0  32  32
         6570.0  32  32
         6580.0  32  32
         6590.0  32  32
         6600.0  32  32
         6610.0  32  32
         6620.0  32  32
         6630.0  32  32
         6640.0  32  32
         6650.0  32  32
         6660.0  32  32
         6670.0  32  32
         6680.0  32  32
         6690.0  32  32
         6700.0  32  32
         6710.0  32  32
         6720.0  32  32
         6730.0  32  32
         6740.0  32  32
         6750.0  32  32
         6760.0  32  32
         6770.0  32  32
         6780.0  32  32
         6790.0  32  32
         6800.0  32  32
         6810.0  32  32
         6820.0  32  32
         6830.0  32  32
         6840.0  32  32
         6850.0  32  32
         6860.0  32  32
         6870.0  32  32
         6880.0  32  32
         6890.0  32  32
         6900.0  32  32
         6910.0  32  32
         6920.0  32  32
         6930.0  32  32
         6940.0  32  32
         6950.0  32  32
         6960.0  32  32
         6970.0  32  32
         6980.0  32  32
         6990.0  32  32
         7000.0  32  32
         7010.0  32  32
         7020.0  32  32
         7030.0  32  32
         7040.0  32  32
         7050.0  32  32
         7060.0  32  32
         7070.0  32  32
         7080.0  32  32
         7090.0  33  32
         7100.0  33  32
         7110.0  33  32
         7120.0  33  32
         7130.0  33  32
         7140.0  33  32
         7150.0  33  32
         7160.0  33  32
         7170.0  33  32
         7180.0  33  32
         7190.0  33  32
         7200.0  33  32
         7210.0  33  32
         7220.0  33  32
         7230.0  33  32
         7240.0  33  32
         7250.0  33  32
         7260.0  33  32
         7270.0  33  32
         7280.0  33  32
         7290.0  33  32
         7300.0  33  32
         7310.0  33  32
         7320.0  33  32
         7330.0  33  32
         7340.0  33  32
         7350.0  33  32
         7360.0  33  32
         7370.0  33  32
         7380.0  33  32
         7390.0  33  32
         7400.0  33  32
         7410.0  33  32
         7420.0  33  32
         7430.0  33  32
         7440.0  33  32
         7450.0  33  32
         7460.0  33  32
         7470.0  33  32
         7480.0  33  32
         7490.0  33  32
         7500.0  33  32
         7510.0  33  32
         7520.0  33  32
         7530.0  33  32
         7540.0  33  32
         7550.0  33  32
         7560.0  34  32
         7570.0  34  32
         7580.0  34  32
         7590.0  34  32
         7600.0  34  32
         7610.0  34  32
         7620.0  34  32
         7630.0  34  32
         7640.0  34  32
         7650.0  34  32
         7660.0  34  33
         7670.0  34  33
         7680.0  34  33
         7690.0  34  33
         7700.0  34  33
         7710.0  34  33
         7720.0  34  33
         7730.0  34  33
         7740.0  34  33
         7750.0  34  33
         7760.0  34  33
         7770.0  34  33
         7780.0  34  33
         7790.0  34  33
         7800.0  34  33
         7810.0  34  33
         7820.0  34  33
         7830.0  34  33
         7840.0  34  33
         7850.0  34  33
         7860.0  34  33
         7870.0  34  33
         7880.0  34  33
         7890.0  34  33
         7900.0  34  33
         7910.0  35  33
         7920.0  35  33
         7930.0  35  33
         7940.0  35  33
         7950.0  35  33
         7960.0  35  33
         7970.0  35  33
         7980.0  35  33
         7990.0  35  33
         8000.0  36  33
         8010.0  36  33
         8020.0  36  33
         8030.0  36  33
         8040.0  36  33
         8050.0  36  33
         8060.0  36  33
         8070.0  36  33
         8080.0  36  33
         8090.0  36  33
         8100.0  36  33
         8110.0  36  33
         8120.0  36  33
         8130.0  36  33
         8140.0  36  33
         8150.0  36  33
         8160.0  36  33
         8170.0  36  33
         8180.0  36  33
         8190.0  36  33
         8200.0  36  33
         8210.0  36  33
         8220.0  36  33
         8230.0  36  33
         8240.0  36  33
         8250.0  36  33
         8260.0  36  33
         8270.0  36  33
         8280.0  36  33
         8290.0  36  33
         8300.0  36  33
         8310.0  36  33
         8320.0  36  33
         8330.0  36  33
         8340.0  36  33
         8350.0  36  33
         8360.0  36  33
         8370.0  36  33
         8380.0  36  33
         8390.0  37  33
         8400.0  37  33
         8410.0  37  33
         8420.0  37  33
         8430.0  37  33
         8440.0  37  33
         8450.0  37  33
         8460.0  37  33
         8470.0  38  33
         8480.0  38  33
         8490.0  38  33
         8500.0  38  33
         8510.0  38  33
         8520.0  38  33
         8530.0  38  33
         8540.0  38  33
         8550.0  38  33
         8560.0  38  33
         8570.0  38  33
         8580.0  38  33
         8590.0  38  33
         8600.0  38  33
         8610.0  38  33
         8620.0  38  33
         8630.0  38  33
         8640.0  38  33
         8650.0  38  33
         8660.0  39  33
         8670.0  39  33
         8680.0  39  33
         8690.0  39  33
         8700.0  39  33
         8710.0  39  33
         8720.0  39  33
         8730.0  39  33
         8740.0  39  33
         8750.0  39  33
         8760.0  39  33
         8770.0  39  33
         8780.0  39  33
         8790.0  39  33
         8800.0  39  33
         8810.0  39  33
         8820.0  39  33
         8830.0  39  33
         8840.0  39  33
         8850.0  39  33
         8860.0  39  33
         8870.0  39  33
         8880.0  39  33
         8890.0  39  33
         8900.0  39  33
         8910.0  39  33
         8920.0  39  33
         8930.0  39  33
         8940.0  39  33
         8950.0  39  33
         8960.0  39  33
         8970.0  39  33
         8980.0  39  33
         8990.0  39  33
         9000.0  39  33
         9010.0  39  33
         9020.0  39  33
         9030.0  39  33
         9040.0  39  33
         9050.0  39  33
         9060.0  39  33
         9070.0  39  33
         9080.0  39  33
         9090.0  39  33
         9100.0  39  33
         9110.0  39  33
         9120.0  39  33
         9130.0  39  33
         9140.0  39  33
         9150.0  39  33
         9160.0  39  33
         9170.0  39  33
         9180.0  39  33
         9190.0  39  33
         9200.0  39  33
         9210.0  39  33
         9220.0  39  33
         9230.0  39  33
         9240.0  39  33
         9250.0  39  33
         9260.0  39  33
         9270.0  39  33
         9280.0  39  33
         9290.0  39  33
         9300.0  39  33
         9310.0  39  33
         9320.0  39  33
         9330.0  39  33
         9340.0  39  33
         9350.0  39  33
         9360.0  39  33
         9370.0  39  33
         9380.0  39  33
         9390.0  39  33
         9400.0  39  33
         9410.0  39  33
         9420.0  39  33
         9430.0  39  33
         9440.0  39  33
         9450.0  39  33
         9460.0  39  33
         9470.0  39  33
         9480.0  39  33
         9490.0  39  33
         9500.0  39  33
         9510.0  39  33
         9520.0  39  33
         9530.0  39  33
         9540.0  39  33
         9550.0  39  33
         9560.0  39  33
         9570.0  39  33
         9580.0  39  33
         9590.0  39  33
         9600.0  39  33
         9610.0  39  33
         9620.0  39  33
         9630.0  39  33
         9640.0  39  33
         9650.0  39  33
         9660.0  39  33
         9670.0  39  33
         9680.0  39  33
         9690.0  39  33
         9700.0  39  33
         9710.0  39  33
         9720.0  39  33
         9730.0  39  33
         9740.0  39  33
         9750.0  39  33
         9760.0  39  33
         9770.0  39  33
         9780.0  39  33
         9790.0  39  33
         9800.0  39  33
         9810.0  39  33
         9820.0  39  33
         9830.0  39  33
         9840.0  39  33
         9850.0  39  33
         9860.0  39  33
         9870.0  39  33
         9880.0  39  33
         9890.0  39  33
         9900.0  39  33
         9910.0  39  33
         9920.0  39  33
         9930.0  39  33
         9940.0  39  33
         9950.0  39  33
         9960.0  39  33
         9970.0  39  33
         9980.0  39  33
         9990.0  39  33
        10000.0  39  33
        10010.0  39  33
        10020.0  39  33
        10030.0  39  33
        10040.0  39  33
        10050.0  39  33
        10060.0  39  33
        10070.0  39  33
        10080.0  39  33
        10090.0  39  33
        10100.0  39  33
        10110.0  39  33
        10120.0  39  33
        10130.0  39  33
        10140.0  39  33
        10150.0  39  33
        10160.0  39  33
        10170.0  39  33
        10180.0  39  33
        10190.0  39  33
        10200.0  39  33
        10210.0  39  33
        10220.0  39  33
        10230.0  39  33
        10240.0  39  33
        10250.0  39  33
        10260.0  39  33
        10270.0  39  33
        10280.0  39  33
        10290.0  39  33
        10300.0  39  33
        10310.0  39  33
        10320.0  40  33
        10330.0  40  33
        10340.0  40  33
        10350.0  40  33
        10360.0  40  33
        10370.0  40  33
        10380.0  40  33
        10390.0  40  33
        10400.0  40  33
        10410.0  40  33
        10420.0  40  33
        10430.0  40  33
        10440.0  40  33
        10450.0  40  33
        10460.0  40  33
        10470.0  40  33
        10480.0  40  33
        10490.0  40  33
        10500.0  40  33
        10510.0  40  33
        10520.0  40  33
        10530.0  40  33
        10540.0  40  33
        10550.0  40  33
        10560.0  40  33
        10570.0  40  33
        10580.0  40  33
        10590.0  40  33
        10600.0  40  33
        10610.0  40  33
        10620.0  40  33
        10630.0  40  33
        10640.0  40  33
        10650.0  40  33
        10660.0  40  33
        10670.0  40  33
        10680.0  40  33
        10690.0  40  33
        10700.0  40  33
        10710.0  40  33
        10720.0  40  33
        10730.0  40  33
        10740.0  40  33
        10750.0  40  33
        10760.0  40  33
        10770.0  40  33
        10780.0  40  33
        10790.0  40  33
        10800.0  40  33
        10810.0  40  33
        10820.0  40  33
        10830.0  40  33
        10840.0  40  33
        10850.0  40  33
        10860.0  40  33
        10870.0  40  33
        10880.0  40  33
        10890.0  40  33
        10900.0  40  33
        10910.0  40  33
        10920.0  40  33
        10930.0  40  33
        10940.0  40  33
        10950.0  40  33
        10960.0  40  33
        10970.0  40  33
        10980.0  40  33
        10990.0  40  33
        11000.0  40  33
        11010.0  40  33
        11020.0  40  33
        11030.0  40  33
        11040.0  40  33
        11050.0  40  33
        11060.0  40  33
        11070.0  40  33
        11080.0  40  33
        11090.0  40  33
        11100.0  40  33
        11110.0  40  33
        11120.0  40  33
        11130.0  40  33
        11140.0  40  33
        11150.0  40  33
        11160.0  40  33
        11170.0  40  33
        11180.0  40  33
        11190.0  40  33
        11200.0  40  33
        11210.0  40  33
        11220.0  40  33
        11230.0  40  33
        11240.0  41  33
        11250.0  41  33
        11260.0  41  33
        11270.0  41  33
        11280.0  41  33
        11290.0  41  33
        11300.0  41  33
        11310.0  41  33
        11320.0  41  33
        11330.0  41  33
        11340.0  41  33
        11350.0  41  33
        11360.0  41  33
        11370.0  41  33
        11380.0  41  33
        11390.0  41  33
        11400.0  41  33
        11410.0  42  33
        11420.0  42  33
        11430.0  42  33
        11440.0  42  33
        11450.0  42  33
        11460.0  42  33
        11470.0  42  33
        11480.0  42  33
        11490.0  42  33
        11500.0  42  33
        11510.0  42  33
        11520.0  42  33
        11530.0  42  33
        11540.0  42  33
        11550.0  42  33
        11560.0  42  33
        11570.0  42  33
        11580.0  42  33
        11590.0  42  33
        11600.0  42  33
        11610.0  42  33
        11620.0  42  33
        11630.0  42  33
        11640.0  42  33
        11650.0  43  33
        11660.0  43  33
        11670.0  43  33
        11680.0  43  33
        11690.0  43  33
        11700.0  43  33
        11710.0  43  33
        11720.0  43  33
        11730.0  43  33
        11740.0  43  33
        11750.0  43  33
        11760.0  43  33
        11770.0  43  33
        11780.0  43  33
        11790.0  43  33
        11800.0  43  33
        11810.0  43  33
        11820.0  43  33
        11830.0  43  33
        11840.0  43  33
        11850.0  43  33
        11860.0  43  33
        11870.0  43  33
        11880.0  43  33
        11890.0  43  33
        11900.0  43  33
        11910.0  43  33
        11920.0  43  33
        11930.0  43  33
        11940.0  43  33
        11950.0  43  33
        11960.0  43  33
        11970.0  43  33
        11980.0  43  33
        11990.0  43  33
        12000.0  43  33
        12010.0  43  33
        12020.0  43  33
        12030.0  43  33
        12040.0  43  33
        12050.0  43  33
        12060.0  43  33
        12070.0  43  33
        12080.0  43  33
        12090.0  43  33
        12100.0  43  33
        12110.0  43  33
        12120.0  43  33
        12130.0  43  33
        12140.0  43  33
        12150.0  43  33
        12160.0  43  33
        12170.0  43  33
        12180.0  43  33
        12190.0  43  33
        12200.0  43  33
        12210.0  43  33
        12220.0  43  33
        12230.0  43  33
        12240.0  43  33
        12250.0  43  33
        12260.0  43  33
        12270.0  43  33
        12280.0  43  33
        12290.0  43  33
        12300.0  43  33
        12310.0  43  33
        12320.0  43  33
        12330.0  43  33
        12340.0  43  33
        12350.0  43  33
        12360.0  43  33
        12370.0  43  33
        12380.0  43  33
        12390.0  43  33
        12400.0  43  33
        12410.0  43  33
        12420.0  43  33
        12430.0  43  33
        12440.0  43  33
        12450.0  43  33
        12460.0  43  33
        12470.0  43  33
        12480.0  43  33
        12490.0  43  33
        12500.0  43  33
        12510.0  43  33
        12520.0  43  33
        12530.0  43  33
        12540.0  43  33
        12550.0  43  33
        12560.0  43  33
        12570.0  43  33
        12580.0  43  33
        12590.0  43  33
        12600.0  43  33
